3.539101779460906982e-02
3.015950508415699005e-02
3.167299926280975342e-02
2.819829620420932770e-02
3.040460124611854553e-02
2.921720407903194427e-02
1.879426278173923492e-02
2.279818989336490631e-02
1.622079685330390930e-02
1.593380421400070190e-02
2.199899591505527496e-02
1.374436821788549423e-02
1.087656058371067047e-02
2.013937570154666901e-02
1.447797473520040512e-02
2.040556073188781738e-02
1.390306744724512100e-02
1.820890977978706360e-02
1.713564805686473846e-02
1.198695786297321320e-02
9.007181972265243530e-03
1.089697517454624176e-02
9.716444648802280426e-03
9.330341592431068420e-03
9.511445648968219757e-03
1.530930306762456894e-02
8.728010579943656921e-03
1.528806425631046295e-02
9.337825700640678406e-03
1.339751109480857849e-02
7.305589504539966583e-03
7.585879415273666382e-03
8.385851047933101654e-03
7.020626682788133621e-03
8.505242876708507538e-03
8.891612291336059570e-03
9.080674499273300171e-03
8.250160142779350281e-03
7.474059239029884338e-03
6.487936712801456451e-03
6.305426824837923050e-03
7.368899416178464890e-03
8.043767884373664856e-03
7.296303287148475647e-03
4.975181072950363159e-03
5.635111127048730850e-03
5.211895331740379333e-03
5.314809270203113556e-03
6.732845213264226913e-03
9.214113466441631317e-03
4.107398446649312973e-03
6.449339911341667175e-03
4.317295737564563751e-03
9.189993143081665039e-03
4.215633030980825424e-03
5.147634539753198624e-03
4.116188269108533859e-03
1.198186445981264114e-02
5.941804498434066772e-03
5.105296615511178970e-03
4.191062413156032562e-03
6.656289566308259964e-03
5.102976690977811813e-03
6.439671386033296585e-03
6.938152480870485306e-03
5.007408559322357178e-03
6.344557274132966995e-03
4.954578354954719543e-03
9.706284850835800171e-03
5.202398169785737991e-03
3.612086409702897072e-03
5.269174929708242416e-03
5.063266027718782425e-03
3.811177099123597145e-03
3.247844753786921501e-03
3.789201611652970314e-03
6.178286857903003693e-03
3.072685096412897110e-03
4.431691952049732208e-03
3.885471727699041367e-03
4.922730382531881332e-03
4.240773618221282959e-03
7.353884633630514145e-03
3.750733099877834320e-03
5.573055706918239594e-03
2.467110520228743553e-03
6.193695124238729477e-03
4.778191912919282913e-03
2.503818133845925331e-03
4.978490527719259262e-03
3.075290704146027565e-03
5.416161846369504929e-03
5.467699375003576279e-03
3.715110942721366882e-03
3.190151182934641838e-03
3.106340765953063965e-03
2.809593221172690392e-03
5.405751056969165802e-03
4.582555033266544342e-03
3.578498959541320801e-03
3.411630168557167053e-03
3.021469106897711754e-03
4.132377449423074722e-03
4.234167281538248062e-03
4.641410894691944122e-03
5.138928536325693130e-03
3.138089319691061974e-03
3.396392101421952248e-03
3.459231462329626083e-03
3.623176133260130882e-03
2.613212913274765015e-03
3.768178867176175117e-03
2.879017498344182968e-03
3.352275583893060684e-03
2.746563171967864037e-03
3.205638146027922630e-03
2.126037143170833588e-03
3.212599782273173332e-03
6.854839622974395752e-03
2.999995369464159012e-03
5.966118536889553070e-03
3.756798803806304932e-03
5.257974378764629364e-03
3.660118672996759415e-03
3.512083552777767181e-03
2.476221648976206779e-03
3.159731393679976463e-03
2.641489729285240173e-03
2.952050184831023216e-03
2.572601428255438805e-03
4.022751934826374054e-03
4.848379641771316528e-03
5.296704825013875961e-03
3.474249737337231636e-03
6.068192422389984131e-03
2.943353028967976570e-03
4.290358163416385651e-03
4.005979280918836594e-03
3.608054947108030319e-03
5.162289366126060486e-03
3.940484952181577682e-03
3.515152726322412491e-03
2.630973700433969498e-03
3.585596336051821709e-03
2.682175952941179276e-03
2.378917066380381584e-03
2.692846581339836121e-03
2.774861874058842659e-03
3.431835444644093513e-03
3.482311498373746872e-03
5.141029134392738342e-03
2.734664594754576683e-03
3.743669483810663223e-03
3.437721403315663338e-03
2.586783841252326965e-03
2.566738054156303406e-03
3.435002872720360756e-03
3.204715438187122345e-03
2.520554466173052788e-03
2.784286625683307648e-03
2.846138086169958115e-03
3.363006049767136574e-03
3.016875591129064560e-03
1.772000454366207123e-03
2.103870967403054237e-03
3.236777381971478462e-03
2.898064674809575081e-03
2.921864157542586327e-03
5.648595280945301056e-03
2.686659572646021843e-03
2.769615035504102707e-03
5.218482576310634613e-03
2.351387636736035347e-03
4.580293316394090652e-03
4.163203295320272446e-03
2.343190601095557213e-03
3.525718813762068748e-03
6.460911128669977188e-03
2.477544127032160759e-03
2.313881414011120796e-03
6.223651580512523651e-03
2.880993764847517014e-03
7.460107095539569855e-03
3.336376044899225235e-03
4.533282015472650528e-03
2.045827917754650116e-03
3.760989988222718239e-03
2.756329486146569252e-03
7.849844172596931458e-03
2.730153268203139305e-03
2.382496139034628868e-03
2.180908108130097389e-03
2.570071024820208549e-03
4.666402935981750488e-03
2.825996838510036469e-03
3.439475782215595245e-03
2.321782289072871208e-03
5.895083304494619370e-03
2.068235538899898529e-03
2.734572626650333405e-03
3.383676055818796158e-03
3.595076035708189011e-03
2.516202861443161964e-03
3.852783702313899994e-03
2.977878320962190628e-03
2.718554576858878136e-03
2.438237890601158142e-03
2.719752956181764603e-03
3.215703181922435760e-03
3.130526514723896980e-03
2.387573244050145149e-03
6.453740876168012619e-03
2.569559263065457344e-03
2.078040502965450287e-03
2.377745229750871658e-03
5.412359721958637238e-03
3.566731931641697884e-03
9.436109103262424469e-03
2.968180226162075996e-03
2.766913268715143204e-03
2.899710554629564285e-03
2.884140470996499062e-03
2.852837089449167252e-03
5.837890785187482834e-03
2.321892650797963142e-03
2.597731770947575569e-03
2.586893737316131592e-03
3.154459875077009201e-03
2.680178498849272728e-03
3.201185958459973335e-03
2.285985043272376060e-03
2.398939337581396103e-03
3.125490853562951088e-03
5.345507990568876266e-03
3.622220363467931747e-03
4.261950496584177017e-03
2.706654602661728859e-03
2.051678486168384552e-03
3.050630912184715271e-03
2.870573429390788078e-03
5.429417826235294342e-03
2.304363530129194260e-03
2.322369953617453575e-03
2.822488080710172653e-03
2.092308597639203072e-03
4.147367551922798157e-03
2.098788507282733917e-03
2.896570367738604546e-03
3.255357267335057259e-03
1.582749420776963234e-03
2.114939037710428238e-03
3.959653899073600769e-03
2.727909013628959656e-03
2.548598917201161385e-03
1.663357601501047611e-03
2.525440417230129242e-03
2.977818017825484276e-03
4.875812679529190063e-03
3.146444214507937431e-03
1.752544194459915161e-03
2.340116770938038826e-03
3.040058305487036705e-03
1.894555403850972652e-03
3.625702345743775368e-03
3.668132005259394646e-03
2.378953155130147934e-03
2.463558921590447426e-03
3.769784467294812202e-03
2.936953213065862656e-03
3.195354016497731209e-03
2.082291524857282639e-03
3.716097213327884674e-03
2.340495819225907326e-03
2.427521860226988792e-03
3.242235863581299782e-03
2.379943849518895149e-03
2.617890015244483948e-03
1.925083692185580730e-03
3.831224748864769936e-03
4.054449032992124557e-03
2.642680658027529716e-03
2.478167181834578514e-03
5.346808116883039474e-03
3.270864719524979591e-03
1.811497611925005913e-03
2.991050947457551956e-03
4.754455760121345520e-03
2.650333568453788757e-03
2.620293060317635536e-03
2.740001538768410683e-03
3.205940127372741699e-03
2.090160734951496124e-03
2.871842822059988976e-03
1.978697720915079117e-03
2.546186791732907295e-03
2.370157977566123009e-03
2.801187336444854736e-03
3.202532650902867317e-03
2.677904441952705383e-03
9.684249758720397949e-03
3.914422355592250824e-03
3.988038748502731323e-03
4.679025616496801376e-03
1.518712728284299374e-03
1.995311118662357330e-03
2.236424479633569717e-03
1.953186932951211929e-03
4.024895839393138885e-03
2.380579011514782906e-03
2.164427656680345535e-03
2.366712782531976700e-03
3.443982452154159546e-03
2.223904710263013840e-03
2.625379944220185280e-03
1.773317810148000717e-03
3.236080287024378777e-03
1.704871188849210739e-03
2.246833872050046921e-03
2.227878198027610779e-03
2.714339876547455788e-03
2.274157712236046791e-03
1.573243527673184872e-03
1.961223082616925240e-03
1.914692344143986702e-03
2.257008105516433716e-03
2.059386344626545906e-03
1.791703864000737667e-03
3.168289316818118095e-03
1.544437487609684467e-03
2.106604399159550667e-03
2.491449937224388123e-03
2.487831283360719681e-03
2.097169402986764908e-03
4.756944254040718079e-03
2.075135707855224609e-03
1.816352014429867268e-03
1.685407478362321854e-03
2.615663688629865646e-03
2.027248730883002281e-03
1.901241485029459000e-03
2.412283793091773987e-03
1.528766588307917118e-03
3.358755027875304222e-03
2.624012064188718796e-03
2.883842447772622108e-03
1.811522524803876877e-03
2.266719006001949310e-03
3.267056308686733246e-03
2.609061542898416519e-03
1.980985049158334732e-03
2.938077086582779884e-03
4.844414535909891129e-03
3.381831804290413857e-03
1.458117389120161533e-03
2.296688267961144447e-03
2.403702354058623314e-03
2.811836311593651772e-03
2.256599953398108482e-03
2.638750476762652397e-03
3.832756541669368744e-03
2.893580589443445206e-03
1.837041229009628296e-03
2.687774365767836571e-03
1.946722622960805893e-03
1.770971226505935192e-03
2.054885495454072952e-03
1.655690488405525684e-03
2.468457911163568497e-03
2.163436962291598320e-03
1.563368947245180607e-03
1.761721447110176086e-03
2.796769142150878906e-03
1.901548937894403934e-03
2.812976017594337463e-03
2.051547868177294731e-03
1.555922790430486202e-03
1.977181993424892426e-03
2.438038820400834084e-03
1.887411228381097317e-03
2.787576755508780479e-03
2.477159723639488220e-03
3.942179493606090546e-03
1.875990885309875011e-03
3.313509048894047737e-03
1.829061773605644703e-03
1.524383784271776676e-03
3.594251349568367004e-03
1.867027487605810165e-03
1.630460377782583237e-03
4.262025933712720871e-03
1.728736213408410549e-03
1.892142579890787601e-03
1.193485572002828121e-03
3.895732574164867401e-03
1.324262586422264576e-03
2.473443513736128807e-03
1.558457734063267708e-03
1.989927142858505249e-03
1.858203322626650333e-03
5.821189377456903458e-03
3.968061413615942001e-03
2.561578294262290001e-03
1.812628353945910931e-03
2.950350288301706314e-03
2.684268867596983910e-03
2.299207262694835663e-03
2.229839330539107323e-03
2.366869710385799408e-03
2.056136494502425194e-03
1.681121648289263248e-03
2.826568903401494026e-03
1.496635260991752148e-03
4.442293662577867508e-03
2.633931348100304604e-03
2.089980756863951683e-03
2.565875882282853127e-03
1.378445420414209366e-03
4.364222753793001175e-03
2.328350441530346870e-03
1.830525114201009274e-03
1.988790929317474365e-03
1.515204552561044693e-03
2.694096649065613747e-03
1.913455314934253693e-03
1.642690156586468220e-03
1.780199818313121796e-03
1.867220737040042877e-03
1.293867593631148338e-03
4.066729918122291565e-03
1.702692941762506962e-03
1.952266437001526356e-03
2.254335675388574600e-03
4.724726080894470215e-03
2.312937984243035316e-03
3.785973181948065758e-03
2.862173598259687424e-03
2.558347303420305252e-03
2.526310738176107407e-03
1.493897405453026295e-03
1.402101363055408001e-03
1.489036483690142632e-03
2.191667677834630013e-03
2.212367719039320946e-03
1.956461230292916298e-03
2.682553604245185852e-03
1.893078326247632504e-03
2.099012257531285286e-03
3.702682908624410629e-03
1.721973298117518425e-03
2.663889201357960701e-03
1.734532299451529980e-03
1.609755447134375572e-03
2.540940418839454651e-03
3.352146828547120094e-03
2.817111089825630188e-03
5.417838227003812790e-03
1.928222482092678547e-03
1.318230759352445602e-03
3.670937148854136467e-03
3.952981438487768173e-03
1.703975140117108822e-03
1.420032000169157982e-03
1.574267633259296417e-03
2.294922014698386192e-03
2.218091161921620369e-03
2.464425750076770782e-03
1.709938631393015385e-03
1.947204815223813057e-03
5.065350793302059174e-03
3.002643119543790817e-03
1.940559479407966137e-03
3.112867940217256546e-03
3.115901257842779160e-03
2.133499830961227417e-03
1.567631494253873825e-03
1.874995534308254719e-03
2.746394835412502289e-03
2.059980295598506927e-03
1.619664835743606091e-03
4.645847715437412262e-03
1.233814866282045841e-03
5.393553990870714188e-03
2.000881126150488853e-03
1.892162603326141834e-03
4.738547839224338531e-03
1.938163884915411472e-03
1.530163222923874855e-03
1.704492722637951374e-03
1.712264376692473888e-03
2.155785448849201202e-03
3.277817275375127792e-03
2.116729039698839188e-03
2.058252226561307907e-03
1.721486216410994530e-03
2.479705726727843285e-03
1.904468052089214325e-03
1.450652722269296646e-03
1.206106622703373432e-03
2.578349318355321884e-03
3.179002553224563599e-03
2.110909903421998024e-03
3.420723835006356239e-03
2.210899954661726952e-03
1.848332467488944530e-03
2.609885530546307564e-03
1.750186784192919731e-03
3.448165720328688622e-03
1.751031726598739624e-03
1.753313234075903893e-03
1.986097544431686401e-03
1.877132221125066280e-03
1.272174878977239132e-03
1.513258204795420170e-03
2.135352464392781258e-03
3.637982299551367760e-03
1.701812725514173508e-03
1.575285103172063828e-03
2.977732568979263306e-03
1.186717883683741093e-03
1.898478600196540356e-03
4.034996964037418365e-03
1.836397801525890827e-03
1.596984919160604477e-03
2.519368194043636322e-03
2.775990171357989311e-03
3.142093773931264877e-03
1.868424238637089729e-03
1.520042540505528450e-03
3.267904045060276985e-03
1.345211174339056015e-03
2.147921593859791756e-03
2.451085019856691360e-03
1.826187712140381336e-03
1.180268591269850731e-03
1.426760689355432987e-03
1.182359177619218826e-03
2.756730420514941216e-03
1.544525846838951111e-03
1.082472619600594044e-03
2.126518404111266136e-03
1.485461252741515636e-03
2.075157593935728073e-03
1.625818549655377865e-03
2.080128295347094536e-03
1.757100108079612255e-03
1.326058292761445045e-03
1.498194062151014805e-03
1.800440135411918163e-03
1.201733830384910107e-03
3.184344619512557983e-03
2.005335176363587379e-03
1.451135729439556599e-03
2.205698518082499504e-03
3.241297788918018341e-03
2.548792865127325058e-03
2.246773336082696915e-03
1.692204503342509270e-03
2.746189245954155922e-03
3.031733212992548943e-03
2.036968944594264030e-03
1.179829007014632225e-03
4.140663892030715942e-03
1.268413732759654522e-03
3.621704177930951118e-03
1.403112546540796757e-03
2.286946866661310196e-03
2.495993627235293388e-03
2.288526855409145355e-03
2.649262547492980957e-03
4.788910504430532455e-03
3.793630748987197876e-03
3.579215612262487411e-03
2.311821328476071358e-03
1.336698420345783234e-03
2.384839579463005066e-03
1.065895543433725834e-03
1.903376425616443157e-03
2.524832496419548988e-03
1.755970879457890987e-03
3.832286689430475235e-03
1.852965913712978363e-03
1.402684138156473637e-03
1.237813499756157398e-03
1.663083443418145180e-03
2.923305379226803780e-03
1.543315127491950989e-03
1.521841855719685555e-03
3.063113661482930183e-03
1.415238482877612114e-03
1.420250511728227139e-03
2.019863110035657883e-03
1.978848362341523170e-03
1.770952017977833748e-03
3.401558613404631615e-03
1.628733123652637005e-03
1.200722646899521351e-03
3.099259221926331520e-03
1.393857644870877266e-03
3.488462883979082108e-03
2.089061075821518898e-03
2.082183957099914551e-03
1.507545821368694305e-03
2.374090254306793213e-03
2.462252276018261909e-03
2.541529713198542595e-03
1.324947108514606953e-03
2.149855950847268105e-03
4.466220736503601074e-03
1.493480755016207695e-03
1.981042092666029930e-03
2.314354525879025459e-03
3.616818226873874664e-03
2.386028878390789032e-03
1.229682471603155136e-03
1.371709746308624744e-03
1.897701877169311047e-03
2.716589486226439476e-03
1.076261745765805244e-03
1.969247357919812202e-03
1.507062814198434353e-03
1.747372094541788101e-03
1.579251373186707497e-03
5.560446996241807938e-03
1.509587396867573261e-03
1.462172484025359154e-03
2.128093736246228218e-03
2.116626361384987831e-03
2.259417902678251266e-03
1.441979780793190002e-03
9.472102392464876175e-04
3.728429321199655533e-03
1.391336438246071339e-03
1.501955790445208549e-03
2.498181071132421494e-03
1.028198515996336937e-03
1.199764781631529331e-03
9.906576015055179596e-04
1.692760270088911057e-03
9.591528796590864658e-04
2.326600253582000732e-03
1.819071942009031773e-03
1.546345767565071583e-03
1.799282734282314777e-03
1.476399600505828857e-03
2.107925014570355415e-03
1.372676924802362919e-03
3.359913127496838570e-03
2.002385444939136505e-03
3.404254093766212463e-03
1.593021559529006481e-03
1.516780350357294083e-03
2.812157385051250458e-03
2.710793633013963699e-03
1.474057557061314583e-03
1.389303826726973057e-03
1.595310051925480366e-03
5.494436714798212051e-03
2.373144729062914848e-03
2.144776051864027977e-03
1.559198135510087013e-03
1.704294234514236450e-03
1.997093204408884048e-03
5.370622500777244568e-03
4.352287854999303818e-03
1.195799908600747585e-03
3.003176534548401833e-03
2.290051430463790894e-03
3.908090293407440186e-03
1.467280904762446880e-03
1.314016757532954216e-03
6.421853322535753250e-03
2.250059740617871284e-03
1.822307938709855080e-03
1.292922650463879108e-03
2.047942485660314560e-03
2.269172342494130135e-03
2.387398388236761093e-03
3.150318050757050514e-03
2.735426416620612144e-03
3.252067836001515388e-03
5.402555689215660095e-03
2.816156251356005669e-03
2.669638255611062050e-03
1.842455589212477207e-03
1.304765697568655014e-03
2.505498938262462616e-03
6.427403073757886887e-03
3.581462893635034561e-03
4.375970456749200821e-03
8.484936319291591644e-03
1.836408511735498905e-03
2.662723883986473083e-03
2.478819107636809349e-03
1.502014463767409325e-03
1.490757218562066555e-03
1.484197680838406086e-03
4.215781576931476593e-03
2.409532899037003517e-03
1.319983624853193760e-03
7.170823402702808380e-03
3.672911785542964935e-03
1.457178848795592785e-03
1.640051719732582569e-03
1.215642667375504971e-03
1.728602685034275055e-03
3.379191970452666283e-03
2.601699437946081161e-03
4.763550590723752975e-03
1.707650604657828808e-03
1.586639904417097569e-03
3.657217603176832199e-03
2.594692865386605263e-03
2.180213341489434242e-03
1.517408294603228569e-03
1.785575412213802338e-03
2.731019398197531700e-03
1.568271196447312832e-03
4.031975753605365753e-03
1.833220478147268295e-03
2.166924765333533287e-03
1.373148057609796524e-03
1.474802382290363312e-03
1.078233006410300732e-03
1.487439032644033432e-03
5.325175821781158447e-03
1.825909246690571308e-03
1.636584871448576450e-03
1.622982206754386425e-03
2.896898426115512848e-03
1.976585481315851212e-03
1.080923248082399368e-03
1.350501668639481068e-03
1.990986289456486702e-03
2.031039213761687279e-03
1.013523782603442669e-03
1.776435994543135166e-03
1.431080279871821404e-03
1.140514039434492588e-03
1.048678881488740444e-03
1.239849138073623180e-03
1.420863554812967777e-03
9.950449457392096519e-04
1.974102109670639038e-03
1.115818042308092117e-03
1.587791019119322300e-03
4.584404639899730682e-03
1.188989030197262764e-03
2.489675069227814674e-03
2.955101663246750832e-03
2.819415647536516190e-03
1.530831679701805115e-03
2.706249477341771126e-03
2.070595044642686844e-03
2.625277731567621231e-03
2.246133750304579735e-03
1.169408904388546944e-03
1.220112317241728306e-03
1.629708334803581238e-03
1.322696218267083168e-03
2.117135329172015190e-03
1.436716527678072453e-03
1.236563315615057945e-03
2.009591553360223770e-03
2.001425251364707947e-03
1.253371592611074448e-03
1.875072717666625977e-03
1.714301411993801594e-03
2.223414368927478790e-03
9.403206058777868748e-04
1.387657946906983852e-03
1.849500811658799648e-03
1.627092016860842705e-03
1.183477463200688362e-03
2.121169352903962135e-03
1.558953197672963142e-03
3.022281220182776451e-03
2.004640642553567886e-03
3.027821658179163933e-03
1.616278779692947865e-03
2.123128622770309448e-03
5.842024926096200943e-03
1.643356052227318287e-03
2.116880612447857857e-03
2.127846004441380501e-03
1.836042152717709541e-03
1.261645462363958359e-03
1.692379941232502460e-03
1.712918048724532127e-03
1.765846856869757175e-03
1.763291540555655956e-03
1.738329767249524593e-03
1.120463944971561432e-03
5.989130120724439621e-03
1.146138296462595463e-03
1.214012037962675095e-03
2.132335444912314415e-03
3.073132364079356194e-03
1.073591411113739014e-03
1.502540893852710724e-03
9.966928046196699142e-04
1.646796124987304211e-03
1.107609714381396770e-03
1.434774487279355526e-03
1.628283062018454075e-03
1.217539072968065739e-03
4.063514526933431625e-03
2.315747318789362907e-03
2.946202177554368973e-03
1.319322967901825905e-03
1.517615979537367821e-03
3.287399420514702797e-03
1.784039777703583241e-03
2.299387939274311066e-03
1.309936167672276497e-03
1.743669272400438786e-03
1.001264434307813644e-03
1.752200420014560223e-03
2.056539291515946388e-03
2.450505038723349571e-03
3.054791362956166267e-03
2.329291542991995811e-03
2.010845812037587166e-03
1.560411415994167328e-03
2.111111069098114967e-03
1.634227926842868328e-03
2.101257210597395897e-03
1.633079024031758308e-03
2.431133762001991272e-03
1.531788613647222519e-03
1.587536418810486794e-03
1.430709031410515308e-03
1.449813018552958965e-03
1.934130676090717316e-03
1.031225663609802723e-03
9.477876592427492142e-04
1.890813116915524006e-03
1.420946093276143074e-03
1.153611694462597370e-03
1.153017161414027214e-03
1.260939519852399826e-03
2.348118694499135017e-03
1.613414147868752480e-03
1.630624639801681042e-03
2.050933893769979477e-03
2.085090382024645805e-03
1.883287099190056324e-03
2.187833888456225395e-03
2.124000107869505882e-03
2.020639833062887192e-03
3.316046204417943954e-03
7.922534830868244171e-03
1.095175743103027344e-03
1.789964968338608742e-03
3.648082958534359932e-03
1.101358793675899506e-03
1.840416691266000271e-03
1.678534783422946930e-03
1.906255376525223255e-03
8.696911972947418690e-04
1.799323596060276031e-03
1.742118271067738533e-03
1.345538767054677010e-03
1.121217152103781700e-03
2.736324910074472427e-03
1.328665530309081078e-03
1.272673020139336586e-03
1.038273680023849010e-03
1.374250510707497597e-03
2.914163749665021896e-03
1.790136680938303471e-03
1.784050371497869492e-03
1.062628813087940216e-03
2.125277649611234665e-03
1.960609806701540947e-03
1.142661203630268574e-03
8.652048418298363686e-04
1.572722336277365685e-03
4.377089440822601318e-03
1.248310669325292110e-03
1.399111934006214142e-03
1.176440855488181114e-03
2.198088448494672775e-03
1.426582690328359604e-03
1.292415196076035500e-03
1.297063543461263180e-03
1.204547239467501640e-03
2.189699327573180199e-03
1.755442353896796703e-03
1.388265285640954971e-03
2.317003207281231880e-03
2.355061471462249756e-03
1.429468509741127491e-03
1.809511100873351097e-03
1.200640457682311535e-03
1.741201267577707767e-03
1.236861222423613071e-03
1.568799954839050770e-03
1.851339358836412430e-03
2.517617074772715569e-03
9.047479834407567978e-04
1.073835999704897404e-03
1.258127042092382908e-03
1.350354985333979130e-03
9.935613488778471947e-04
1.356095541268587112e-03
1.659100526012480259e-03
1.367779681459069252e-03
1.804141560569405556e-03
1.353008323349058628e-03
1.663318718783557415e-03
1.435047597624361515e-03
9.975597495213150978e-04
1.425261376425623894e-03
3.299180185422301292e-03
1.957835629582405090e-03
1.409549266099929810e-03
3.955031745135784149e-03
1.067274250090122223e-03
1.294788671657443047e-03
3.177942009642720222e-03
3.943370189517736435e-03
1.569415442645549774e-03
1.067741424776613712e-03
1.213592360727488995e-03
1.274221809580922127e-03
1.227971282787621021e-03
1.452273689210414886e-03
1.634225831367075443e-03
1.472990843467414379e-03
2.201673807576298714e-03
8.181354496628046036e-04
1.394524471834301949e-03
1.795965828932821751e-03
1.518149045296013355e-03
1.079727313481271267e-03
1.990301767364144325e-03
1.915922970511019230e-03
1.319861272349953651e-03
7.651462219655513763e-03
1.643623691052198410e-03
9.958157315850257874e-04
1.168738817796111107e-03
1.561379642225801945e-03
1.425898983143270016e-03
1.393471029587090015e-03
1.209915848448872566e-03
1.503132516518235207e-03
1.145657268352806568e-03
1.703261048533022404e-03
1.570484251715242863e-03
1.399351400323212147e-03
1.966904848814010620e-03
1.766686444170773029e-03
1.864279736764729023e-03
1.192896626889705658e-03
2.843737369403243065e-03
1.091637765057384968e-03
9.031675872392952442e-04
1.554417773149907589e-03
9.512885008007287979e-04
2.587276278063654900e-03
1.360727939754724503e-03
1.815988915041089058e-03
2.091884613037109375e-03
3.001400269567966461e-03
1.151674776338040829e-03
1.082592993043363094e-03
9.093438275158405304e-04
2.499150810763239861e-03
1.078434754163026810e-03
1.879047253169119358e-03
1.092448248527944088e-03
1.586329424753785133e-03
1.210679649375379086e-03
2.020766260102391243e-03
1.255043433047831059e-03
1.239530625753104687e-03
1.368131255730986595e-03
1.662295311689376831e-03
1.684954040683805943e-03
9.447585325688123703e-04
1.755017321556806564e-03
1.866824459284543991e-03
1.077412045560777187e-03
1.640844508074223995e-03
1.731727039441466331e-03
2.408612519502639771e-03
1.579000032506883144e-03
6.472260574810206890e-04
1.166734495200216770e-03
1.767126377671957016e-03
1.884379074908792973e-03
1.177918864414095879e-03
2.245779149234294891e-03
1.654969877563416958e-03
3.179272869601845741e-03
1.234338153153657913e-03
2.114919014275074005e-03
1.733290147967636585e-03
1.465797307901084423e-03
1.524283201433718204e-03
1.793031580746173859e-03
9.588460088707506657e-04
2.137159230187535286e-03
1.351467799395322800e-03
1.289170468226075172e-03
1.456234720535576344e-03
1.257853815332055092e-03
8.861770038492977619e-04
2.987693296745419502e-03
1.343744806945323944e-03
1.445834874175488949e-03
4.161152523010969162e-03
1.688446500338613987e-03
1.287353574298322201e-03
1.863348297774791718e-03
2.094561001285910606e-03
9.608510299585759640e-04
2.102461177855730057e-03
1.717128325253725052e-03
1.974096056073904037e-03
1.804316998459398746e-03
1.150324591435492039e-03
1.839741133153438568e-03
2.247939584776759148e-03
3.358943155035376549e-03
1.019734889268875122e-03
1.561365206725895405e-03
2.277010586112737656e-03
1.459272461943328381e-03
1.557879382744431496e-03
1.513897092081606388e-03
8.481346885673701763e-04
3.173011587932705879e-03
2.038714475929737091e-03
1.187551766633987427e-03
1.325771678239107132e-03
1.399827655404806137e-03
1.837350777350366116e-03
1.128169358707964420e-03
1.702436828054487705e-03
1.433000084944069386e-03
1.518092700280249119e-03
1.082446076907217503e-03
1.686023664660751820e-03
9.176512830890715122e-04
1.742564723826944828e-03
1.026162644848227501e-03
1.316275098361074924e-03
1.503930892795324326e-03
9.851148352026939392e-04
1.690361415967345238e-03
2.810497768223285675e-03
1.833287184126675129e-03
1.571267377585172653e-03
9.762027184478938580e-04
1.018811133690178394e-03
1.543249236419796944e-03
3.781027160584926605e-03
1.405771123245358467e-03
1.440232270397245884e-03
1.145429792813956738e-03
1.995079685002565384e-03
3.340233350172638893e-03
9.466209448873996735e-04
1.343184732832014561e-03
2.421777229756116867e-03
1.136203180067241192e-03
7.959591457620263100e-04
1.391826546750962734e-03
1.065373653545975685e-03
3.723961301147937775e-03
9.478794527240097523e-04
1.860393444076180458e-03
1.674482249654829502e-03
1.969388686120510101e-03
1.479249447584152222e-03
1.019317889586091042e-03
2.035418059676885605e-03
1.603168668225407600e-03
2.363450126722455025e-03
2.655608812347054482e-03
1.230612862855195999e-03
2.690560417249798775e-03
1.543298014439642429e-03
1.517108408734202385e-03
1.149406889453530312e-03
3.392464714124798775e-03
2.136933384463191032e-03
2.657969947904348373e-03
2.300418214872479439e-03
1.687938696704804897e-03
5.170399323105812073e-03
1.414570724591612816e-03
1.688647433184087276e-03
2.985585248097777367e-03
1.744981505908071995e-03
2.153579844161868095e-03
1.252859015949070454e-03
1.419252017512917519e-03
1.583669800311326981e-03
2.308773342519998550e-03
1.840037759393453598e-03
1.788918394595384598e-03
1.296692993491888046e-03
4.215689375996589661e-03
1.273218425922095776e-03
1.236677635461091995e-03
1.232564914971590042e-03
1.822946942411363125e-03
1.532102702185511589e-03
2.578082960098981857e-03
2.993551781401038170e-03
1.865937141701579094e-03
1.630586222745478153e-03
1.444382593035697937e-03
1.154024619609117508e-03
2.291537355631589890e-03
1.667783362790942192e-03
8.420867379754781723e-04
1.729934592731297016e-03
2.021857304498553276e-03
9.717339416965842247e-04
1.263070618733763695e-03
2.796525135636329651e-03
1.454064506106078625e-03
7.555499323643743992e-04
1.140302629210054874e-03
9.631451684981584549e-04
1.011662650853395462e-03
1.307663624174892902e-03
1.218182966113090515e-03
1.705541624687612057e-03
2.443305915221571922e-03
3.128766780719161034e-03
1.818194985389709473e-03
1.896000350825488567e-03
8.851353195495903492e-04
1.147332717664539814e-03
1.112000318244099617e-03
3.426065202802419662e-03
9.205110836774110794e-04
2.116921124979853630e-03
8.363136439584195614e-04
1.396252191625535488e-03
1.482983352616429329e-03
1.377377659082412720e-03
1.343515468761324883e-03
1.260644756257534027e-03
1.469066366553306580e-03
1.368342549540102482e-03
1.061204005964100361e-03
1.660951529629528522e-03
1.023695920594036579e-03
2.416793256998062134e-03
2.164674922823905945e-03
1.296546193771064281e-03
2.032301621511578560e-03
3.116710577160120010e-03
2.866368275135755539e-03
1.448244322091341019e-03
1.468275790102779865e-03
1.382422284223139286e-03
1.030306681059300900e-03
1.634448766708374023e-03
1.403848873451352119e-03
1.277540111914277077e-03
1.113243168219923973e-03
1.169290975667536259e-03
1.420484972186386585e-03
2.182178664952516556e-03
1.894596614874899387e-03
2.997262170538306236e-03
3.756582969799637794e-03
1.087089884094893932e-03
8.694498101249337196e-04
1.169879804365336895e-03
2.222032053396105766e-03
9.949750965461134911e-04
6.106304936110973358e-03
9.824536973610520363e-04
1.732082804664969444e-03
9.120899485424160957e-04
1.814318820834159851e-03
1.631549443118274212e-03
1.269583939574658871e-03
2.168042585253715515e-03
1.637600595131516457e-03
9.256298071704804897e-04
1.456719008274376392e-03
3.369314363226294518e-03
1.070775208063423634e-03
3.467382863163948059e-03
1.081863534636795521e-03
1.761837746016681194e-03
1.181777217425405979e-03
1.852064277045428753e-03
2.471166197210550308e-03
2.222612500190734863e-03
1.897293608635663986e-03
7.861425983719527721e-04
1.146222231909632683e-03
1.638426678255200386e-03
1.397907617501914501e-03
1.176325837150216103e-03
1.166730187833309174e-03
1.317386981099843979e-03
1.856597955338656902e-03
1.668627955950796604e-03
1.464479719288647175e-03
1.640817616134881973e-03
2.998739015311002731e-03
1.218186691403388977e-03
1.153614721260964870e-03
1.241843914613127708e-03
1.695451326668262482e-03
2.266393043100833893e-03
1.342472853139042854e-03
1.372657367028295994e-03
1.318133785389363766e-03
2.463684184476733208e-03
9.917742572724819183e-04
1.353011466562747955e-03
1.708537456579506397e-03
2.502497984096407890e-03
7.820205646567046642e-04
2.133213914930820465e-03
2.543967450037598610e-03
2.119585871696472168e-03
2.236814703792333603e-03
3.233257448300719261e-03
1.690239179879426956e-03
2.765277633443474770e-03
1.893896958790719509e-03
1.144120469689369202e-03
2.191567094996571541e-03
1.131348079070448875e-03
1.804268336854875088e-03
2.312932861968874931e-03
1.089707831852138042e-03
1.485931104980409145e-03
1.577449147589504719e-03
2.486889483407139778e-03
1.599516370333731174e-03
3.029379062354564667e-03
1.319184782914817333e-03
1.262776670046150684e-03
1.319796079769730568e-03
2.176595386117696762e-03
2.117625670507550240e-03
8.343904628418385983e-04
1.048417645506560802e-03
1.530178124085068703e-03
1.912637031637132168e-03
1.190312555991113186e-03
1.124404720030725002e-03
1.345036784186959267e-03
1.092113321647047997e-03
1.258283737115561962e-03
1.503371866419911385e-03
1.390352146700024605e-03
1.475193537771701813e-03
1.515988260507583618e-03
1.129689509980380535e-03
1.866300473921000957e-03
9.849371854215860367e-04
1.833944581449031830e-03
1.820722129195928574e-03
8.293207501992583275e-04
8.286455413326621056e-04
1.064236974343657494e-03
1.139772823080420494e-03
1.579014933668076992e-03
1.321925199590623379e-03
1.213719835504889488e-03
1.552658388391137123e-03
2.240760484710335732e-03
2.626289147883653641e-03
6.149060558527708054e-03
1.199874910525977612e-03
1.882879529148340225e-03
8.443748811259865761e-04
2.927601803094148636e-03
1.298809307627379894e-03
2.288345713168382645e-03
2.506889868527650833e-03
1.253466121852397919e-03
1.331599080003798008e-03
1.470127026550471783e-03
2.832275349646806717e-03
1.157300546765327454e-03
1.308368402533233166e-03
1.210359507240355015e-03
1.629044418223202229e-03
8.352106087841093540e-04
1.362645300105214119e-03
1.041186507791280746e-03
1.305098645389080048e-03
2.670470625162124634e-03
1.383199938572943211e-03
1.310683903284370899e-03
9.192709112539887428e-04
1.462819054722785950e-03
1.414949074387550354e-03
7.787144859321415424e-04
2.304595196619629860e-03
1.883315155282616615e-03
1.403003116138279438e-03
1.724520116113126278e-03
1.461434992961585522e-03
1.745576853863894939e-03
1.332803862169384956e-03
1.299411058425903320e-03
1.749908667989075184e-03
9.930427186191082001e-04
1.301023527048528194e-03
1.054784050211310387e-03
2.031307667493820190e-03
9.886674815788865089e-04
2.543704118579626083e-03
9.675473556853830814e-04
1.180984545499086380e-03
1.106131821870803833e-03
8.768665138632059097e-04
1.063627540133893490e-03
1.458446844480931759e-03
9.540870087221264839e-04
1.128528732806444168e-03
1.095865038223564625e-03
8.210097439587116241e-04
1.140858395956456661e-03
1.260735909454524517e-03
1.584412297233939171e-03
9.434662642888724804e-04
1.694996375590562820e-03
8.850828744471073151e-04
1.824206556193530560e-03
2.106675412505865097e-03
1.975025748834013939e-03
1.762278145179152489e-03
1.126209041103720665e-03
3.038492519408464432e-03
2.207418670877814293e-03
1.902491087093949318e-03
9.292428730987012386e-04
3.126341849565505981e-03
1.847438747063279152e-03
1.270079636014997959e-03
1.000048709101974964e-03
1.738126855343580246e-03
1.286210841499269009e-03
2.056261291727423668e-03
1.976602245122194290e-03
6.406351458281278610e-04
1.673519611358642578e-03
1.262651872821152210e-03
1.634915475733578205e-03
1.684481627307832241e-03
3.126035211607813835e-03
3.454301971942186356e-03
1.822452875785529613e-03
1.285487669520080090e-03
1.248068176209926605e-03
1.597573864273726940e-03
1.145555404946208000e-03
1.070541678927838802e-03
1.476227422244846821e-03
1.137095852755010128e-03
7.807209040038287640e-04
9.170018602162599564e-04
1.135139260441064835e-03
1.262043719179928303e-03
1.179903279989957809e-03
1.571862725540995598e-03
9.340682299807667732e-04
1.078348723240196705e-03
7.096518529579043388e-04
1.210029236972332001e-03
1.669479883275926113e-03
1.790968701243400574e-03
2.928927540779113770e-03
2.000950742512941360e-03
1.032247208058834076e-03
9.572515264153480530e-04
1.135440194047987461e-03
8.664362248964607716e-04
1.541866455227136612e-03
1.746574998833239079e-03
2.675730036571621895e-03
1.489615766331553459e-03
1.215751515701413155e-03
1.074058236554265022e-03
3.756029298529028893e-03
3.404953051358461380e-03
1.143168075941503048e-03
3.813738701865077019e-03
1.668955315835773945e-03
1.191043178550899029e-03
9.592297719791531563e-04
9.915091795846819878e-04
1.512317452579736710e-03
2.924830885604023933e-03
1.233391347341239452e-03
9.653607266955077648e-04
1.329906517639756203e-03
1.595255453139543533e-03
1.508387620560824871e-03
1.559966010972857475e-03
3.717366373166441917e-03
1.760618295520544052e-03
2.135965041816234589e-03
2.797829452902078629e-03
1.034944434650242329e-03
1.434212666936218739e-03
2.216648543253540993e-03
1.530418870970606804e-03
1.441728789359331131e-03
3.492050105705857277e-03
1.021104166284203529e-03
9.257623460143804550e-04
1.466574845835566521e-03
1.110849669203162193e-03
1.918008085340261459e-03
1.913612824864685535e-03
1.655643689446151257e-03
1.505972351878881454e-03
2.437392715364694595e-03
1.645769574679434299e-03
8.364258101209998131e-04
3.540228586643934250e-03
1.760330400429666042e-03
2.458218485116958618e-03
8.853672770783305168e-04
3.912782762199640274e-03
1.072393148206174374e-03
1.059492002241313457e-03
2.658858895301818848e-03
9.696870110929012299e-04
9.350187028758227825e-04
1.141529763117432594e-03
2.039047190919518471e-03
2.787012374028563499e-03
3.388979239389300346e-03
9.717061184346675873e-04
1.797670964151620865e-03
1.418308238498866558e-03
1.670466852374374866e-03
1.722192624583840370e-03
1.949654542841017246e-03
4.122211597859859467e-03
3.037311835214495659e-03
1.097888918593525887e-03
1.007877057418227196e-03
1.585964229889214039e-03
1.606714795343577862e-03
2.862983383238315582e-03
1.610399456694722176e-03
3.307789796963334084e-03
1.368423574604094028e-03
1.183476299047470093e-03
1.378491870127618313e-03
1.288946601562201977e-03
2.044299850240349770e-03
1.104273600503802299e-03
1.205154927447438240e-03
1.741351443342864513e-03
8.730111294426023960e-04
2.134749200195074081e-03
1.186654088087379932e-03
1.519387471489608288e-03
1.692594843916594982e-03
9.275856427848339081e-04
1.525621279142796993e-03
1.168167684227228165e-03
1.917882822453975677e-03
1.342683099210262299e-03
1.283135614357888699e-03
8.670687093399465084e-04
1.376832369714975357e-03
1.196537981741130352e-03
1.993773970752954483e-03
1.301117124967277050e-03
1.974907238036394119e-03
1.360266818664968014e-03
8.520101546309888363e-04
5.773961893282830715e-04
1.755744568072259426e-03
8.943373686634004116e-04
1.149203395470976830e-03
1.142382854595780373e-03
1.561062876135110855e-03
1.340196002274751663e-03
1.206545275636017323e-03
1.074056141078472137e-03
1.501370337791740894e-03
1.294441288337111473e-03
1.395227736793458462e-03
2.420910634100437164e-03
1.248386921361088753e-03
1.579109928570687771e-03
1.158100552856922150e-03
1.429897150956094265e-03
9.847262408584356308e-04
1.462111365981400013e-03
9.411661303602159023e-04
1.054104301147162914e-03
9.019962744787335396e-04
9.818852413445711136e-04
1.295356545597314835e-03
9.723835391923785210e-04
4.315800499171018600e-03
8.437968790531158447e-04
1.855542068369686604e-03
8.846177952364087105e-04
2.264454495161771774e-03
1.772679504938423634e-03
1.525288447737693787e-03
4.568982869386672974e-03
2.303047804161906242e-03
8.829988655634224415e-04
1.451557734981179237e-03
1.425966853275895119e-03
1.064088428393006325e-03
1.688437070697546005e-03
1.343326177448034286e-03
1.192922587506473064e-03
8.454847848042845726e-04
1.847538864240050316e-03
1.278649084270000458e-03
1.293971785344183445e-03
1.049254206009209156e-03
1.040248083882033825e-03
9.787851013243198395e-04
1.224956475198268890e-03
1.296975649893283844e-03
2.219850663095712662e-03
2.410425804555416107e-03
1.047042198479175568e-03
4.763259552419185638e-03
2.085136482492089272e-03
7.099200156517326832e-04
1.808444270864129066e-03
1.169660594314336777e-03
1.345502794720232487e-03
1.202480285428464413e-03
7.458776235580444336e-04
1.075421809218823910e-03
1.599394367076456547e-03
1.768187037669122219e-03
2.173441927880048752e-03
2.330842427909374237e-03
1.137615996412932873e-03
2.885127672925591469e-03
1.173962373286485672e-03
1.281657372601330280e-03
3.474335419014096260e-03
1.230232650414109230e-03
1.886572223156690598e-03
1.557675423100590706e-03
1.455193851143121719e-03
9.870822541415691376e-04
1.100293244235217571e-03
1.993622863665223122e-03
1.301107113249599934e-03
9.915638947859406471e-04
1.431681448593735695e-03
1.509563997387886047e-03
1.644485630095005035e-03
3.782165935263037682e-03
9.178721811622381210e-04
1.483012572862207890e-03
1.113060628995299339e-03
1.182266627438366413e-03
1.933314371854066849e-03
1.243209466338157654e-03
1.454174169339239597e-03
1.270591164939105511e-03
2.278922591358423233e-03
1.926803262904286385e-03
1.563886762596666813e-03
1.485611777752637863e-03
1.444898429326713085e-03
1.783445477485656738e-03
1.298497198149561882e-03
1.656386302784085274e-03
1.107984688133001328e-03
1.536260708235204220e-03
8.724381332285702229e-04
9.250889415852725506e-04
1.147803850471973419e-03
2.574393525719642639e-03
1.514518167823553085e-03
2.111991867423057556e-03
1.082771574147045612e-03
1.736021600663661957e-03
1.296099391765892506e-03
3.371849656105041504e-03
1.836270908825099468e-03
2.650046953931450844e-03
2.050017239525914192e-03
1.052588340826332569e-03
1.437411410734057426e-03
1.307137543335556984e-03
1.162088592536747456e-03
1.297472510486841202e-03
1.112114870920777321e-03
3.888217499479651451e-03
2.340115373954176903e-03
2.297807252034544945e-03
1.546876505017280579e-03
1.443160232156515121e-03
9.436244145035743713e-04
1.426996313966810703e-03
1.817003940232098103e-03
9.733057231642305851e-04
9.769502794370055199e-04
2.300424035638570786e-03
1.329805701971054077e-03
1.633568201214075089e-03
1.193827949464321136e-03
9.948221268132328987e-04
2.014731988310813904e-03
1.279604388400912285e-03
5.626766360364854336e-04
1.678341766819357872e-03
1.350538339465856552e-03
1.774101168848574162e-03
1.346592209301888943e-03
7.207187009043991566e-04
6.468050414696335793e-04
7.966626435518264771e-04
2.191567327827215195e-03
8.451679022982716560e-04
1.048583537340164185e-03
1.366503187455236912e-03
1.034762943163514137e-03
1.152233802713453770e-03
9.666293626651167870e-04
2.011297270655632019e-03
1.342447474598884583e-03
8.647490176372230053e-04
1.376826316118240356e-03
1.239056931808590889e-03
4.113278817385435104e-03
1.116466126404702663e-03
1.246592728421092033e-03
1.973417121917009354e-03
1.220245845615863800e-03
4.501694347709417343e-03
2.031151438131928444e-03
1.079315203242003918e-03
1.995046157389879227e-03
1.559484982863068581e-03
1.603999524377286434e-03
2.218770328909158707e-03
1.533261151053011417e-03
1.339137088507413864e-03
1.410170109011232853e-03
2.453157678246498108e-03
1.134057180024683475e-03
1.799920457415282726e-03
1.131711644120514393e-03
6.865993491373956203e-04
1.436723279766738415e-03
1.482538296841084957e-03
1.144101261161267757e-03
1.701094093732535839e-03
9.309760644100606441e-04
2.050561131909489632e-03
2.918290439993143082e-03
1.344820368103682995e-03
1.903351047076284885e-03
1.722718821838498116e-03
1.379683031700551510e-03
1.497585210017859936e-03
2.024619607254862785e-03
1.151331234723329544e-03
1.143618021160364151e-03
1.448240014724433422e-03
9.586341911926865578e-04
2.996145281940698624e-03
1.783570623956620693e-03
1.227058935910463333e-03
1.337807625532150269e-03
1.309904269874095917e-03
1.137864543125033379e-03
1.071603735908865929e-03
1.236638752743601799e-03
2.801698166877031326e-03
1.405293936841189861e-03
1.663797185756266117e-03
1.592062297277152538e-03
1.503300969488918781e-03
1.124848844483494759e-03
1.452810247428715229e-03
1.134997582994401455e-03
2.695771632716059685e-03
1.464352360926568508e-03
1.052485429681837559e-03
2.108263317495584488e-03
2.711534034460783005e-03
1.505931024439632893e-03
1.233678543940186501e-03
2.807784127071499825e-03
1.389359938912093639e-03
1.139427535235881805e-03
1.418895204551517963e-03
7.768523646518588066e-04
1.110374811105430126e-03
1.389551907777786255e-03
1.390821533277630806e-03
6.757038063369691372e-04
9.100701427087187767e-04
1.121593988500535488e-03
2.960871905088424683e-03
1.089406665414571762e-03
8.528086473233997822e-04
1.661154790781438351e-03
1.296209753490984440e-03
2.209014724940061569e-03
1.347840414382517338e-03
9.153767023235559464e-04
1.176074030809104443e-03
1.257548923604190350e-03
8.178863208740949631e-04
1.527845743112266064e-03
8.718923199921846390e-04
1.360238296911120415e-03
7.457840256392955780e-04
2.292563905939459801e-03
1.765443827025592327e-03
1.325685298070311546e-03
1.527289976365864277e-03
1.746675814501941204e-03
1.506362925283610821e-03
1.003008568659424782e-03
8.699636673554778099e-04
1.447823247872292995e-03
9.243300301022827625e-04
9.085347992368042469e-04
1.962029375135898590e-03
1.591036794707179070e-03
1.529582077637314796e-03
7.928565028123557568e-04
1.247331383638083935e-03
1.958214910700917244e-03
3.465051064267754555e-03
1.312324311584234238e-03
7.203053683042526245e-04
7.661186973564326763e-04
1.317243208177387714e-03
7.581309764645993710e-04
8.015070925466716290e-04
1.698087318800389767e-03
2.854973776265978813e-03
8.350700372830033302e-04
4.885792266577482224e-03
8.450686582364141941e-04
1.113264705054461956e-03
9.054763359017670155e-04
9.107450023293495178e-04
9.021172882057726383e-04
1.309554558247327805e-03
1.173366326838731766e-03
1.594203640706837177e-03
1.741300686262547970e-03
1.494852593168616295e-03
3.445878159254789352e-03
9.310325840488076210e-04
1.310554100200533867e-03
8.485083817504346371e-04
1.758157508447766304e-03
1.204194384627044201e-03
1.049017766490578651e-03
2.527713542804121971e-03
1.125999027863144875e-03
9.021209552884101868e-04
1.308485865592956543e-03
9.367070742882788181e-04
2.585872774943709373e-03
1.141964341513812542e-03
2.234156476333737373e-03
2.043541055172681808e-03
7.192217744886875153e-04
2.853899030014872551e-03
2.367359353229403496e-03
9.057628340087831020e-04
1.043752767145633698e-03
8.947716560214757919e-04
1.931176288053393364e-03
8.337839390151202679e-04
8.205985068343579769e-04
1.348174992017447948e-03
9.541957988403737545e-04
1.222813385538756847e-03
1.051962492056190968e-03
8.014362538233399391e-04
2.735170768573880196e-03
2.267445670440793037e-03
7.378021837212145329e-04
3.800482023507356644e-03
2.011652803048491478e-03
2.853387268260121346e-03
8.803491946309804916e-04
1.132600475102663040e-03
9.944754419848322868e-04
1.274470123462378979e-03
6.732637411914765835e-04
1.149311661720275879e-03
1.041175099089741707e-03
6.357229431159794331e-04
7.907191757112741470e-04
1.102937385439872742e-03
1.920919632539153099e-03
7.790248491801321507e-04
2.377217169851064682e-03
9.315991192124783993e-04
7.734147948212921619e-04
2.242162590846419334e-03
1.532189315184950829e-03
1.479234895668923855e-03
2.200053306296467781e-03
9.699579095467925072e-04
8.323309011757373810e-04
1.376220840029418468e-03
1.045365119352936745e-03
9.830731432884931564e-04
3.770208917558193207e-03
1.689515309408307076e-03
1.268601743504405022e-03
8.850993472151458263e-04
1.486367429606616497e-03
1.244309591129422188e-03
1.536224270239472389e-03
1.261036493815481663e-03
1.964721363037824631e-03
4.485470708459615707e-03
1.100381137803196907e-03
1.119635184295475483e-03
1.468018046580255032e-03
4.045885056257247925e-03
7.327299099415540695e-04
2.059234073385596275e-03
1.804998260922729969e-03
6.128880777396261692e-04
9.117067093029618263e-04
1.108070602640509605e-03
1.437140628695487976e-03
1.179723767563700676e-03
2.639169571921229362e-03
1.115777180530130863e-03
9.402354480698704720e-04
1.835908507928252220e-03
1.965367235243320465e-03
1.145863207057118416e-03
1.138335559517145157e-03
6.186309619806706905e-04
1.130500575527548790e-03
8.829522994346916676e-04
1.457527396269142628e-03
8.621190208941698074e-04
7.847551023587584496e-04
1.510836416855454445e-03
1.623593736439943314e-03
1.069104764610528946e-03
7.064974633976817131e-04
1.582638593390583992e-03
1.403898349963128567e-03
1.153334393166005611e-03
1.059597474522888660e-03
7.881751516833901405e-04
1.149023999460041523e-03
8.204967598430812359e-04
1.388545962981879711e-03
1.040329807437956333e-03
1.843554433435201645e-03
9.263235842809081078e-04
1.751252682879567146e-03
1.328110229223966599e-03
8.968316251412034035e-04
1.372268423438072205e-03
1.030103419907391071e-03
8.624464389868080616e-04
1.046619727276265621e-03
1.356011605821549892e-03
1.015658956021070480e-03
1.053937012329697609e-03
1.291301101446151733e-03
1.315106404945254326e-03
1.771797658875584602e-03
1.416336162947118282e-03
1.289744861423969269e-03
1.114469836466014385e-03
2.247828058898448944e-03
1.261805766262114048e-03
1.505470369011163712e-03
1.341506140306591988e-03
1.004247809760272503e-03
1.161345280706882477e-03
8.534976514056324959e-04
9.869812056422233582e-04
1.069931662641465664e-03
8.447523578070104122e-04
9.638005285523831844e-04
9.654228924773633480e-04
8.877764921635389328e-04
1.017648843117058277e-03
1.311561674810945988e-03
1.169726834632456303e-03
1.817441079765558243e-03
7.140222587622702122e-04
7.706689648330211639e-04
1.799159217625856400e-03
1.156836166046559811e-03
1.338469330221414566e-03
1.099583343602716923e-03
9.240573272109031677e-04
1.057226327247917652e-03
1.405312097631394863e-03
7.294539827853441238e-04
2.124145161360502243e-03
6.866295007057487965e-04
1.110360142774879932e-03
2.231285674497485161e-03
9.009445784613490105e-04
7.629683823324739933e-04
1.078901230357587337e-03
7.775919511914253235e-04
1.867893268354237080e-03
8.404260152019560337e-04
1.536278985440731049e-03
1.265830127522349358e-03
1.716037979349493980e-03
1.195407356135547161e-03
1.080442802049219608e-03
2.191193168982863426e-03
1.076101907528936863e-03
8.281092741526663303e-04
1.130589516833424568e-03
1.359468558803200722e-03
1.123067457228899002e-03
1.046475023031234741e-03
1.455465098842978477e-03
8.478377712890505791e-04
1.150924363173544407e-03
1.831948640756309032e-03
1.479273079894483089e-03
1.384635339491069317e-03
1.018238603137433529e-03
1.091545796953141689e-03
2.380628371611237526e-03
2.090051537379622459e-03
9.779668180271983147e-04
1.010931096971035004e-03
1.102403621189296246e-03
9.438247652724385262e-04
1.770647359080612659e-03
1.565723796375095844e-03
1.388604054227471352e-03
8.863491239026188850e-04
9.629857959225773811e-04
8.246187353506684303e-04
1.249338383786380291e-03
9.168031974695622921e-04
1.173760974779725075e-03
1.570620224811136723e-03
8.032982004806399345e-04
1.403810456395149231e-03
1.595856156200170517e-03
8.704998763278126717e-04
7.760085281915962696e-04
1.008634921163320541e-03
1.113887294195592403e-03
1.540238270536065102e-03
9.908542269840836525e-04
1.555970986373722553e-03
1.777249970473349094e-03
1.249451306648552418e-03
8.847568533383309841e-04
9.346315637230873108e-04
9.603303042240440845e-04
1.300902804359793663e-03
1.313636894337832928e-03
6.384433363564312458e-04
1.072629820555448532e-03
1.004598918370902538e-03
7.353266119025647640e-04
9.106382494792342186e-04
2.018454950302839279e-03
8.781017386354506016e-04
1.276254537515342236e-03
1.008766819722950459e-03
9.014878887683153152e-04
6.639051716774702072e-04
1.370775280520319939e-03
7.614601636305451393e-04
6.472773384302854538e-04
1.175121637061238289e-03
1.342077739536762238e-03
1.870268839411437511e-03
1.088252523913979530e-03
8.158431737683713436e-04
1.100554014556109905e-03
9.385641315020620823e-04
1.045347657054662704e-03
6.666709086857736111e-04
1.117930980399250984e-03
2.184379147365689278e-03
2.089013345539569855e-03
1.072026439942419529e-03
2.522755879908800125e-03
1.088317250832915306e-03
1.684853807091712952e-03
3.950147423893213272e-03
7.712914375588297844e-04
1.090031932108104229e-03
1.955974148586392403e-03
1.769338967278599739e-03
1.746536581777036190e-03
1.004477380774915218e-03
1.089448574930429459e-03
1.334052416495978832e-03
1.550581539049744606e-03
1.634859247133135796e-03
1.120627159252762794e-03
1.698713866062462330e-03
1.546568237245082855e-03
6.729050073772668839e-04
1.045465120114386082e-03
1.336411107331514359e-03
1.520035206340253353e-03
8.661556639708578587e-04
8.274436695501208305e-04
7.826792425476014614e-04
6.657037301920354366e-04
1.194925047457218170e-03
1.689530210569500923e-03
1.730481511913239956e-03
9.759469539858400822e-04
8.564199088141322136e-04
7.957029738463461399e-04
1.921679941006004810e-03
1.131464028730988503e-03
9.879349963739514351e-04
9.123563650064170361e-04
5.434998893178999424e-04
7.386045763269066811e-04
1.043475465849041939e-03
9.859767742455005646e-04
3.680047346279025078e-03
1.237924792803823948e-03
1.290442189201712608e-03
1.054719323292374611e-03
7.783511537127196789e-04
1.144691719673573971e-03
8.235150598920881748e-04
2.292768796905875206e-03
1.955421175807714462e-03
1.386028481647372246e-03
1.000095857307314873e-03
6.943137850612401962e-04
1.095871906727552414e-03
7.916302420198917389e-04
9.682764066383242607e-04
9.792187483981251717e-04
9.543470805510878563e-04
1.573577988892793655e-03
9.132694103755056858e-04
1.744663692079484463e-03
1.142762484960258007e-03
8.725348743610084057e-04
9.659093921072781086e-04
9.823754662647843361e-04
1.351227751001715660e-03
1.075417501851916313e-03
1.136988401412963867e-03
1.015587709844112396e-03
2.427762839943170547e-03
9.863567538559436798e-04
1.223912346176803112e-03
9.286021231673657894e-04
1.542651210911571980e-03
1.645655604079365730e-03
9.574928553774952888e-04
8.731526322662830353e-04
1.107315882109105587e-03
1.094507984817028046e-03
8.959257975220680237e-04
1.220997306518256664e-03
6.290202727541327477e-04
8.295551524497568607e-04
9.203610825352370739e-04
1.036249683238565922e-03
6.820531561970710754e-04
8.527327445335686207e-04
1.015316462144255638e-03
1.111052231863141060e-03
1.551293884404003620e-03
8.264963980764150620e-04
9.077847353182733059e-04
1.911111059598624706e-03
7.992348982952535152e-04
8.369348361156880856e-04
1.008528750389814377e-03
9.366251179017126560e-04
9.840487036854028702e-04
9.198547340929508209e-04
8.358724880963563919e-04
1.884856494143605232e-03
1.960829133167862892e-03
7.128699799068272114e-04
1.252908608876168728e-03
8.682530606165528297e-04
9.458485292270779610e-04
1.704531023278832436e-03
1.649363781325519085e-03
1.227232045494019985e-03
9.282096871174871922e-04
9.601397323422133923e-04
1.027046702802181244e-03
8.923999266698956490e-04
6.098533631302416325e-04
9.240629733540117741e-04
1.087065553292632103e-03
7.905011880211532116e-04
2.050520619377493858e-03
8.000200032256543636e-04
1.075101434253156185e-03
9.497065912000834942e-04
1.040322822518646717e-03
9.369781473651528358e-04
1.883841468952596188e-03
1.027986989356577396e-03
1.399149070493876934e-03
1.090200501494109631e-03
1.098020467907190323e-03
1.484285225160419941e-03
1.202019629999995232e-03
1.568322768434882164e-03
8.530265185981988907e-04
9.607315878383815289e-04
8.576795808039605618e-04
1.031252089887857437e-03
1.034521381370723248e-03
6.919266306795179844e-04
7.161140674725174904e-04
1.384919160045683384e-03
1.371739199385046959e-03
6.754962960258126259e-04
1.077917753718793392e-03
9.837405523285269737e-04
1.362223527394235134e-03
6.949314847588539124e-04
1.479784026741981506e-03
1.412972807884216309e-03
1.754106720909476280e-03
1.559064839966595173e-03
1.412972575053572655e-03
7.525734254159033298e-04
1.006153644993901253e-03
1.008161925710737705e-03
1.140582491643726826e-03
7.961564697325229645e-04
1.874115434475243092e-03
8.158925338648259640e-04
6.154242437332868576e-04
1.648883451707661152e-03
8.858790388330817223e-04
2.161415759474039078e-03
1.042810385115444660e-03
1.684023533016443253e-03
1.984893810003995895e-03
6.487530190497636795e-04
9.376664529554545879e-04
1.270017004571855068e-03
1.337338122539222240e-03
9.114168933592736721e-04
1.002589007839560509e-03
1.932624843902885914e-03
1.033579697832465172e-03
9.722938993945717812e-04
1.599487033672630787e-03
8.501636912114918232e-04
1.432806602679193020e-03
9.499951265752315521e-04
9.560083271935582161e-04
1.468512695282697678e-03
7.716791587881743908e-04
9.416393004357814789e-04
1.018300768919289112e-03
1.036705798469483852e-03
7.496108883060514927e-04
1.558631774969398975e-03
1.209975685924291611e-03
1.917252200655639172e-03
1.306920894421637058e-03
1.749021117575466633e-03
9.941961616277694702e-04
9.471660596318542957e-04
8.244101773016154766e-04
9.337548399344086647e-04
1.220552832819521427e-03
2.156426198780536652e-03
1.025503850542008877e-03
1.006598351523280144e-03
9.472186211496591568e-04
1.634590560570359230e-03
1.415065838955342770e-03
9.202561923302710056e-04
9.482131572440266609e-04
1.013267436064779758e-03
1.352549763396382332e-03
1.405457500368356705e-03
2.396299503743648529e-03
1.482833642512559891e-03
2.665948588401079178e-03
7.535198819823563099e-04
1.100697438232600689e-03
1.356227672658860683e-03
1.018108683638274670e-03
1.198844402097165585e-03
2.546678995713591576e-03
8.801364456303417683e-04
1.152358716353774071e-03
1.552757457830011845e-03
1.561368699185550213e-03
1.053840969689190388e-03
1.019081799313426018e-03
9.354971698485314846e-04
6.882349262014031410e-04
8.624410838820040226e-04
1.256365678273141384e-03
8.299853652715682983e-04
8.440657984465360641e-04
1.375131774693727493e-03
1.758953207172453403e-03
7.699053385294973850e-04
3.395889885723590851e-03
1.216717995703220367e-03
8.087351452559232712e-04
8.424566476605832577e-04
7.657363312318921089e-04
2.723420737311244011e-03
7.202776032499969006e-04
6.725793355144560337e-04
1.296299509704113007e-03
1.242097932845354080e-03
1.334370928816497326e-03
8.915844955481588840e-04
1.027620746754109859e-03
