2.036290317773818970e-01
1.895595490932464600e-01
2.075989395380020142e-01
1.915972232818603516e-01
1.866249144077301025e-01
1.590530574321746826e-01
1.855388581752777100e-01
1.765548586845397949e-01
1.792925894260406494e-01
1.662781238555908203e-01
1.234038919210433960e-01
1.483897268772125244e-01
1.381363421678543091e-01
1.343958079814910889e-01
1.366427689790725708e-01
1.373395323753356934e-01
1.527481228113174438e-01
1.533883363008499146e-01
1.337929069995880127e-01
1.333531588315963745e-01
1.368105560541152954e-01
1.043569073081016541e-01
1.548687219619750977e-01
1.234880760312080383e-01
1.169762760400772095e-01
1.298798322677612305e-01
9.992105513811111450e-02
8.597235381603240967e-02
8.750094473361968994e-02
9.792970120906829834e-02
9.916940331459045410e-02
1.008849740028381348e-01
9.837977588176727295e-02
1.143806949257850647e-01
8.784317225217819214e-02
9.102408587932586670e-02
7.523658871650695801e-02
8.400706201791763306e-02
8.461786061525344849e-02
8.632765710353851318e-02
9.509515762329101562e-02
9.865516424179077148e-02
6.446076929569244385e-02
1.023390069603919983e-01
6.613879650831222534e-02
7.963774353265762329e-02
7.681471109390258789e-02
7.598484307527542114e-02
8.435111492872238159e-02
6.384571641683578491e-02
5.977455154061317444e-02
8.162196725606918335e-02
8.562710881233215332e-02
6.840816140174865723e-02
7.032573968172073364e-02
8.011649549007415771e-02
9.106508642435073853e-02
7.674467563629150391e-02
7.043319940567016602e-02
7.378344237804412842e-02
6.895000487565994263e-02
5.228924006223678589e-02
6.929185986518859863e-02
9.669726341962814331e-02
5.759232491254806519e-02
6.989496946334838867e-02
8.274315297603607178e-02
7.776769250631332397e-02
6.500709801912307739e-02
6.972976028919219971e-02
7.895722985267639160e-02
6.696510314941406250e-02
6.169529259204864502e-02
7.317797839641571045e-02
7.408924400806427002e-02
7.945856451988220215e-02
7.671760767698287964e-02
7.766644656658172607e-02
6.064242497086524963e-02
7.378126680850982666e-02
6.698071956634521484e-02
6.932564079761505127e-02
6.898336112499237061e-02
6.860946118831634521e-02
5.800616368651390076e-02
9.283096343278884888e-02
9.991306066513061523e-02
6.634397059679031372e-02
7.421689480543136597e-02
6.837654858827590942e-02
6.818197667598724365e-02
5.826426669955253601e-02
5.922570079565048218e-02
5.737558007240295410e-02
6.276784092187881470e-02
7.246885448694229126e-02
5.750774592161178589e-02
8.347394317388534546e-02
7.184796035289764404e-02
5.542987957596778870e-02
7.190172374248504639e-02
4.942123591899871826e-02
6.238057836890220642e-02
1.055934876203536987e-01
7.096611708402633667e-02
5.594272911548614502e-02
6.102289631962776184e-02
5.972892045974731445e-02
7.295253127813339233e-02
7.045046240091323853e-02
7.623527199029922485e-02
5.829422920942306519e-02
5.780817568302154541e-02
5.611838027834892273e-02
7.252401858568191528e-02
5.437490716576576233e-02
5.269539356231689453e-02
6.412460654973983765e-02
7.139980047941207886e-02
5.320243164896965027e-02
7.041464745998382568e-02
6.741426140069961548e-02
5.415409058332443237e-02
7.249715179204940796e-02
5.325215309858322144e-02
5.277281627058982849e-02
5.469616502523422241e-02
6.215462833642959595e-02
5.201550200581550598e-02
4.421399533748626709e-02
5.023441463708877563e-02
5.132421478629112244e-02
5.719481781125068665e-02
7.410610467195510864e-02
6.194568797945976257e-02
9.212525188922882080e-02
5.687473341822624207e-02
6.639993935823440552e-02
8.249496668577194214e-02
7.381730526685714722e-02
5.455232784152030945e-02
5.491623282432556152e-02
5.753804370760917664e-02
6.686150282621383667e-02
6.175525113940238953e-02
7.598955929279327393e-02
6.061445176601409912e-02
5.992478504776954651e-02
4.808084294199943542e-02
7.125792652368545532e-02
8.482217788696289062e-02
5.757711455225944519e-02
7.290399074554443359e-02
5.890203267335891724e-02
5.613536760210990906e-02
7.004112750291824341e-02
4.816446825861930847e-02
6.422831118106842041e-02
5.979698896408081055e-02
7.068128138780593872e-02
6.225228682160377502e-02
7.993794232606887817e-02
5.558807402849197388e-02
8.230308443307876587e-02
5.277863889932632446e-02
6.867519766092300415e-02
5.980043113231658936e-02
6.926127523183822632e-02
5.191370099782943726e-02
4.782380163669586182e-02
6.347573548555374146e-02
5.177124589681625366e-02
6.827086210250854492e-02
6.326851993799209595e-02
6.434646248817443848e-02
7.424375414848327637e-02
5.842164903879165649e-02
4.899727925658226013e-02
5.370684340596199036e-02
5.074262246489524841e-02
5.526055023074150085e-02
5.719613656401634216e-02
7.082521915435791016e-02
5.733446776866912842e-02
6.652589887380599976e-02
8.036541938781738281e-02
4.533815011382102966e-02
6.309702247381210327e-02
7.648497074842453003e-02
8.603284507989883423e-02
7.713356614112854004e-02
4.615962877869606018e-02
4.918132349848747253e-02
5.344759672880172729e-02
3.785378113389015198e-02
5.746945366263389587e-02
5.087962746620178223e-02
5.660990998148918152e-02
6.909423321485519409e-02
6.577692180871963501e-02
7.645054161548614502e-02
4.482849314808845520e-02
4.397974535822868347e-02
8.536051958799362183e-02
7.590693235397338867e-02
6.510342657566070557e-02
5.452267825603485107e-02
6.649504601955413818e-02
5.387261882424354553e-02
9.983302652835845947e-02
7.417739927768707275e-02
8.969764411449432373e-02
5.632076039910316467e-02
5.585234239697456360e-02
5.287311226129531860e-02
7.655467838048934937e-02
5.401367321610450745e-02
5.729266628623008728e-02
7.321758568286895752e-02
6.749160587787628174e-02
5.029148608446121216e-02
9.690059721469879150e-02
4.832036793231964111e-02
4.159061238169670105e-02
4.892908409237861633e-02
4.628730565309524536e-02
4.904893785715103149e-02
5.354008823633193970e-02
7.241118699312210083e-02
5.942210182547569275e-02
5.320853739976882935e-02
5.443363636732101440e-02
6.242152675986289978e-02
4.999458044767379761e-02
5.534778535366058350e-02
4.779362678527832031e-02
4.411906749010086060e-02
4.734257236123085022e-02
5.636090785264968872e-02
4.989144578576087952e-02
5.256590619683265686e-02
5.172921344637870789e-02
4.641082137823104858e-02
5.410220846533775330e-02
5.724962055683135986e-02
8.036475628614425659e-02
7.056373357772827148e-02
4.267506301403045654e-02
4.817936941981315613e-02
4.593427106738090515e-02
5.137520283460617065e-02
6.295723468065261841e-02
5.276330932974815369e-02
7.053164392709732056e-02
6.151661649346351624e-02
4.572539776563644409e-02
4.125805199146270752e-02
7.303167879581451416e-02
3.760258853435516357e-02
4.737641662359237671e-02
4.850902780890464783e-02
5.136597901582717896e-02
5.888947844505310059e-02
6.703926622867584229e-02
6.376043707132339478e-02
4.937665536999702454e-02
6.330987811088562012e-02
6.231031566858291626e-02
5.516763776540756226e-02
6.625358760356903076e-02
6.024366989731788635e-02
5.676381289958953857e-02
5.164908990263938904e-02
7.820200920104980469e-02
5.819196626543998718e-02
4.647296667098999023e-02
5.226842314004898071e-02
6.045479699969291687e-02
5.751804262399673462e-02
5.198577046394348145e-02
8.412279933691024780e-02
5.214481428265571594e-02
6.903709471225738525e-02
7.235477119684219360e-02
4.407410323619842529e-02
4.766035825014114380e-02
4.410530254244804382e-02
6.166414916515350342e-02
5.038665235042572021e-02
5.886412039399147034e-02
5.497057363390922546e-02
4.900840669870376587e-02
8.558430522680282593e-02
5.210487544536590576e-02
6.130770966410636902e-02
5.362517386674880981e-02
6.867798417806625366e-02
5.221483111381530762e-02
4.347125440835952759e-02
7.226439565420150757e-02
5.323091894388198853e-02
5.018607527017593384e-02
9.570328146219253540e-02
4.990553855895996094e-02
4.534499347209930420e-02
4.606397822499275208e-02
5.243215337395668030e-02
4.228400439023971558e-02
3.843467682600021362e-02
5.436521768569946289e-02
4.130279272794723511e-02
5.025488883256912231e-02
4.995545372366905212e-02
5.400933697819709778e-02
5.071135982871055603e-02
8.926581591367721558e-02
5.294295027852058411e-02
6.357526779174804688e-02
5.122008174657821655e-02
9.932945668697357178e-02
4.741609469056129456e-02
6.281944364309310913e-02
6.818021088838577271e-02
6.175338476896286011e-02
5.532414466142654419e-02
6.317543238401412964e-02
7.770813256502151489e-02
5.091671645641326904e-02
7.171216607093811035e-02
6.241514906287193298e-02
4.980387911200523376e-02
8.478085696697235107e-02
4.844109341502189636e-02
5.444578826427459717e-02
8.614579588174819946e-02
7.349423319101333618e-02
4.311880469322204590e-02
3.897333890199661255e-02
6.155159324407577515e-02
4.592051357030868530e-02
4.653459042310714722e-02
4.986465722322463989e-02
6.432422995567321777e-02
6.430912762880325317e-02
5.084971711039543152e-02
4.587891325354576111e-02
5.978949740529060364e-02
5.638924986124038696e-02
7.444249838590621948e-02
5.268453434109687805e-02
4.609414190053939819e-02
5.237844213843345642e-02
4.904966428875923157e-02
5.017020925879478455e-02
3.778552636504173279e-02
4.382210224866867065e-02
9.734411537647247314e-02
5.722785368561744690e-02
5.157816782593727112e-02
6.955459713935852051e-02
4.969327896833419800e-02
3.749736025929450989e-02
5.446831509470939636e-02
5.028269439935684204e-02
1.387699395418167114e-01
7.780188322067260742e-02
7.713361084461212158e-02
5.231736227869987488e-02
5.391896516084671021e-02
3.838174045085906982e-02
4.688236117362976074e-02
4.565273597836494446e-02
4.999356716871261597e-02
5.446513369679450989e-02
6.402960419654846191e-02
4.464495927095413208e-02
5.268277227878570557e-02
4.323020577430725098e-02
5.507168546319007874e-02
3.995065018534660339e-02
8.175023645162582397e-02
9.364056587219238281e-02
8.466026186943054199e-02
3.708076849579811096e-02
6.471677869558334351e-02
6.838068366050720215e-02
3.613979369401931763e-02
4.732102155685424805e-02
6.544458121061325073e-02
6.766279041767120361e-02
7.998260855674743652e-02
5.937981233000755310e-02
4.538068920373916626e-02
5.832225084304809570e-02
3.929167985916137695e-02
3.933525830507278442e-02
5.142999440431594849e-02
3.688602894544601440e-02
4.911037534475326538e-02
7.411306351423263550e-02
5.165720731019973755e-02
4.849678650498390198e-02
4.422260448336601257e-02
5.684492737054824829e-02
5.575485527515411377e-02
6.750185042619705200e-02
6.221827119588851929e-02
6.003058329224586487e-02
7.141001522541046143e-02
5.965400859713554382e-02
6.711839884519577026e-02
4.713781550526618958e-02
6.794697791337966919e-02
4.749787971377372742e-02
4.061233252286911011e-02
5.010842159390449524e-02
5.924385040998458862e-02
5.451334640383720398e-02
7.005008310079574585e-02
8.225107192993164062e-02
5.093457549810409546e-02
5.333352461457252502e-02
4.120236635208129883e-02
6.012434139847755432e-02
5.937156826257705688e-02
4.231388121843338013e-02
4.521264880895614624e-02
4.197624325752258301e-02
6.924771517515182495e-02
5.817418172955513000e-02
7.420151680707931519e-02
4.621837660670280457e-02
7.711909711360931396e-02
5.219299718737602234e-02
9.001580625772476196e-02
4.345847666263580322e-02
4.604166746139526367e-02
5.024573951959609985e-02
1.064456850290298462e-01
5.916919931769371033e-02
4.310698434710502625e-02
1.073399558663368225e-01
3.851709887385368347e-02
4.697201773524284363e-02
5.316803231835365295e-02
7.036248594522476196e-02
6.782145798206329346e-02
4.203920066356658936e-02
3.633097559213638306e-02
5.881593003869056702e-02
4.292029514908790588e-02
5.875149741768836975e-02
6.151022017002105713e-02
5.306497216224670410e-02
5.521839484572410583e-02
4.660193994641304016e-02
5.593043938279151917e-02
4.703148081898689270e-02
3.765663877129554749e-02
3.857787325978279114e-02
4.667172208428382874e-02
5.010600760579109192e-02
3.881537914276123047e-02
7.297916710376739502e-02
3.946656361222267151e-02
7.288309931755065918e-02
4.209909588098526001e-02
4.360578581690788269e-02
5.917349457740783691e-02
8.263137191534042358e-02
3.846910595893859863e-02
5.155276507139205933e-02
4.485769197344779968e-02
4.129733890295028687e-02
4.243171587586402893e-02
5.000733584165573120e-02
3.642874956130981445e-02
4.333247616887092590e-02
5.355346947908401489e-02
5.910750105977058411e-02
5.741433799266815186e-02
3.336175903677940369e-02
5.505707487463951111e-02
4.053785279393196106e-02
4.992931708693504333e-02
4.287442192435264587e-02
3.719487041234970093e-02
4.289887472987174988e-02
4.663724452257156372e-02
3.581741079688072205e-02
3.854704275727272034e-02
4.723294824361801147e-02
4.710333794355392456e-02
5.732912942767143250e-02
4.754891619086265564e-02
4.451672360301017761e-02
6.800214201211929321e-02
5.104692652821540833e-02
6.281184405088424683e-02
4.615149646997451782e-02
4.499434679746627808e-02
6.617446988821029663e-02
6.114317849278450012e-02
4.601493477821350098e-02
4.500683769583702087e-02
7.304894179105758667e-02
4.532552137970924377e-02
5.617273598909378052e-02
4.181438684463500977e-02
4.094305634498596191e-02
5.733594298362731934e-02
3.953964263200759888e-02
4.940203204751014709e-02
5.011080205440521240e-02
4.319941997528076172e-02
4.398056119680404663e-02
4.095272719860076904e-02
5.826161429286003113e-02
5.550759658217430115e-02
3.351775184273719788e-02
5.136914178729057312e-02
4.075997695326805115e-02
5.732693895697593689e-02
6.090036034584045410e-02
4.599869996309280396e-02
7.214020192623138428e-02
5.663896724581718445e-02
4.198349267244338989e-02
7.337834686040878296e-02
4.657242447137832642e-02
4.614559933543205261e-02
4.281254485249519348e-02
6.255130469799041748e-02
3.707171604037284851e-02
4.204488918185234070e-02
4.034944996237754822e-02
5.091387778520584106e-02
6.238168478012084961e-02
4.660117253661155701e-02
6.411124020814895630e-02
5.244649946689605713e-02
3.809446841478347778e-02
4.401460662484169006e-02
3.936715796589851379e-02
4.429236799478530884e-02
5.854868516325950623e-02
4.251615330576896667e-02
4.567329213023185730e-02
4.578276723623275757e-02
5.107137188315391541e-02
7.114745676517486572e-02
5.624414235353469849e-02
4.276601597666740417e-02
7.108592242002487183e-02
6.229843571782112122e-02
9.896675497293472290e-02
3.997549042105674744e-02
4.161442071199417114e-02
4.426535591483116150e-02
4.318938031792640686e-02
4.485739767551422119e-02
5.750018358230590820e-02
4.473025351762771606e-02
5.394007265567779541e-02
4.479539394378662109e-02
3.669686242938041687e-02
3.811711072921752930e-02
3.600827232003211975e-02
3.843856975436210632e-02
4.838091507554054260e-02
3.643264248967170715e-02
3.513306751847267151e-02
5.053876340389251709e-02
4.855912178754806519e-02
6.254275143146514893e-02
4.938445240259170532e-02
6.038662418723106384e-02
5.443175509572029114e-02
3.823608905076980591e-02
7.058505713939666748e-02
4.661871492862701416e-02
3.660115972161293030e-02
3.920124471187591553e-02
4.642943665385246277e-02
5.532457306981086731e-02
3.648793324828147888e-02
4.361069574952125549e-02
3.622539713978767395e-02
8.975974470376968384e-02
4.123583063483238220e-02
4.450348392128944397e-02
3.617863729596138000e-02
3.382895886898040771e-02
8.967787027359008789e-02
4.317583888769149780e-02
4.203839600086212158e-02
4.500285908579826355e-02
3.667167201638221741e-02
5.642910301685333252e-02
7.872308790683746338e-02
3.721266612410545349e-02
7.036032527685165405e-02
5.806430056691169739e-02
4.060572013258934021e-02
5.723559856414794922e-02
4.111672565340995789e-02
3.537661582231521606e-02
3.889300301671028137e-02
3.712758794426918030e-02
6.065456569194793701e-02
4.368770495057106018e-02
3.725848346948623657e-02
4.078120365738868713e-02
3.947050496935844421e-02
3.171665221452713013e-02
3.727923333644866943e-02
5.606180056929588318e-02
4.118312522768974304e-02
3.726026415824890137e-02
7.277001440525054932e-02
3.777191787958145142e-02
4.181388765573501587e-02
4.230382665991783142e-02
3.326270356774330139e-02
6.826608628034591675e-02
6.601312756538391113e-02
3.849575296044349670e-02
5.526713654398918152e-02
4.421085864305496216e-02
4.178632050752639771e-02
3.729427978396415710e-02
6.216147169470787048e-02
4.610090330243110657e-02
6.629369407892227173e-02
3.447499498724937439e-02
4.195343703031539917e-02
5.729584023356437683e-02
6.723000854253768921e-02
3.918776661157608032e-02
3.704563155770301819e-02
3.968618065118789673e-02
5.687917023897171021e-02
3.759837523102760315e-02
8.009337633848190308e-02
5.402157455682754517e-02
6.141624599695205688e-02
7.088164240121841431e-02
5.034058913588523865e-02
3.822993859648704529e-02
4.965379834175109863e-02
3.180976584553718567e-02
3.627569600939750671e-02
3.609625250101089478e-02
5.675096437335014343e-02
4.243451356887817383e-02
5.275103449821472168e-02
4.224336892366409302e-02
3.487822413444519043e-02
6.629567593336105347e-02
4.303039982914924622e-02
5.028650537133216858e-02
4.503194987773895264e-02
4.949251562356948853e-02
3.934498131275177002e-02
4.541349783539772034e-02
4.746194183826446533e-02
3.576637059450149536e-02
3.778426721692085266e-02
6.339010596275329590e-02
5.226202309131622314e-02
6.306611746549606323e-02
4.189363494515419006e-02
5.057551339268684387e-02
4.073731228709220886e-02
6.207811087369918823e-02
3.784812986850738525e-02
4.600219801068305969e-02
3.423920273780822754e-02
3.936573490500450134e-02
5.784482136368751526e-02
4.032084718346595764e-02
3.766932338476181030e-02
6.082934886217117310e-02
5.433689057826995850e-02
4.050122946500778198e-02
5.530957505106925964e-02
4.561867564916610718e-02
5.127145722508430481e-02
3.755559772253036499e-02
3.336495161056518555e-02
4.144142568111419678e-02
4.426593706011772156e-02
3.711087256669998169e-02
5.122800171375274658e-02
4.266108945012092590e-02
6.796635687351226807e-02
4.183075949549674988e-02
4.424327984452247620e-02
5.386467278003692627e-02
3.760714456439018250e-02
3.746204078197479248e-02
5.013483017683029175e-02
4.903680458664894104e-02
7.192931324243545532e-02
7.846897840499877930e-02
4.304130375385284424e-02
5.411590635776519775e-02
4.266393929719924927e-02
6.744018942117691040e-02
4.036222770810127258e-02
3.959643095731735229e-02
4.237919673323631287e-02
5.695602297782897949e-02
3.631040081381797791e-02
5.879585817456245422e-02
4.968496784567832947e-02
4.642338678240776062e-02
5.052987113595008850e-02
4.681766405701637268e-02
4.832002893090248108e-02
4.816675931215286255e-02
3.860150650143623352e-02
3.866732493042945862e-02
6.241951137781143188e-02
5.117411166429519653e-02
3.908357024192810059e-02
3.536168485879898071e-02
4.078810289502143860e-02
4.943976551294326782e-02
3.221226856112480164e-02
9.292740374803543091e-02
3.675125911831855774e-02
4.321249201893806458e-02
5.046436563134193420e-02
4.203580692410469055e-02
3.841981291770935059e-02
4.842527583241462708e-02
4.749789834022521973e-02
5.566885694861412048e-02
7.476876676082611084e-02
4.106526449322700500e-02
4.518307372927665710e-02
6.856694072484970093e-02
3.611299023032188416e-02
5.158661305904388428e-02
4.535557702183723450e-02
4.703553020954132080e-02
3.683669120073318481e-02
5.125569924712181091e-02
4.488822445273399353e-02
4.361433163285255432e-02
6.004745140671730042e-02
7.359950244426727295e-02
3.755631297826766968e-02
3.365208208560943604e-02
3.823936358094215393e-02
4.232749715447425842e-02
5.541384220123291016e-02
4.401952773332595825e-02
3.590132296085357666e-02
5.009635537862777710e-02
5.662191286683082581e-02
3.473055735230445862e-02
5.253312364220619202e-02
3.782050684094429016e-02
3.256058320403099060e-02
4.068449512124061584e-02
4.579126089811325073e-02
3.748683631420135498e-02
5.341269820928573608e-02
4.517305642366409302e-02
3.723060712218284607e-02
3.461011871695518494e-02
3.347738459706306458e-02
4.276361316442489624e-02
3.227150440216064453e-02
1.014986261725425720e-01
7.930605858564376831e-02
4.933748394250869751e-02
3.205895423889160156e-02
3.708710521459579468e-02
3.036318719387054443e-02
5.934223160147666931e-02
3.535616770386695862e-02
3.898041695356369019e-02
4.899694770574569702e-02
5.521803349256515503e-02
4.410658776760101318e-02
4.462979733943939209e-02
4.050579667091369629e-02
3.373471647500991821e-02
4.670974239706993103e-02
3.821486979722976685e-02
3.417057171463966370e-02
5.140871182084083557e-02
6.829685717821121216e-02
4.249502718448638916e-02
3.499368578195571899e-02
3.859853744506835938e-02
4.455116763710975647e-02
4.122369736433029175e-02
4.649404808878898621e-02
8.703297376632690430e-02
5.113666132092475891e-02
3.033984825015068054e-02
4.829047620296478271e-02
6.416721642017364502e-02
4.304338991641998291e-02
6.310609728097915649e-02
4.455951228737831116e-02
4.591862484812736511e-02
3.985799476504325867e-02
4.665328562259674072e-02
4.803020507097244263e-02
3.618901595473289490e-02
5.390104278922080994e-02
3.664816170930862427e-02
4.719533026218414307e-02
3.643852844834327698e-02
6.290210783481597900e-02
4.943577200174331665e-02
6.576228886842727661e-02
3.792186453938484192e-02
9.401897341012954712e-02
9.008711576461791992e-02
5.032982304692268372e-02
3.556865081191062927e-02
4.578006267547607422e-02
5.404228344559669495e-02
5.214260146021842957e-02
3.785331919789314270e-02
4.847957566380500793e-02
3.644602000713348389e-02
3.552474454045295715e-02
3.498436510562896729e-02
3.703246265649795532e-02
4.560093581676483154e-02
5.501555278897285461e-02
4.498894140124320984e-02
3.795016556978225708e-02
6.935679912567138672e-02
7.743956893682479858e-02
4.738055542111396790e-02
4.578480869531631470e-02
3.933875635266304016e-02
3.798372298479080200e-02
4.402400553226470947e-02
3.507171571254730225e-02
3.712055832147598267e-02
3.351344913244247437e-02
3.530243039131164551e-02
6.565795838832855225e-02
4.288310930132865906e-02
5.664362013339996338e-02
5.260594934225082397e-02
3.816229104995727539e-02
4.293404147028923035e-02
5.528469383716583252e-02
3.979809209704399109e-02
4.328935593366622925e-02
5.089936777949333191e-02
7.473722845315933228e-02
7.623955607414245605e-02
5.958173796534538269e-02
4.244750365614891052e-02
4.722344502806663513e-02
4.119864478707313538e-02
4.246101528406143188e-02
4.618036746978759766e-02
3.777422755956649780e-02
7.571008801460266113e-02
3.444699198007583618e-02
4.712517186999320984e-02
5.595023185014724731e-02
3.723509982228279114e-02
3.358267620205879211e-02
4.058906435966491699e-02
3.021695464849472046e-02
5.047795176506042480e-02
4.595245420932769775e-02
4.655011743307113647e-02
1.433106213808059692e-01
5.008418485522270203e-02
3.905039280652999878e-02
5.182175338268280029e-02
3.997246921062469482e-02
3.233274072408676147e-02
5.217501893639564514e-02
3.700522333383560181e-02
5.048622190952301025e-02
4.229807853698730469e-02
4.256082326173782349e-02
6.237342208623886108e-02
5.487700179219245911e-02
3.793611750006675720e-02
6.454253196716308594e-02
4.098292067646980286e-02
3.364262729883193970e-02
4.953496158123016357e-02
4.492975398898124695e-02
3.767091408371925354e-02
4.782740771770477295e-02
3.997940942645072937e-02
6.342554837465286255e-02
5.657057464122772217e-02
3.428785875439643860e-02
3.949571773409843445e-02
5.997487157583236694e-02
3.123552538454532623e-02
6.059823557734489441e-02
3.546464443206787109e-02
6.199000403285026550e-02
5.109700188040733337e-02
3.920467942953109741e-02
3.139208257198333740e-02
3.982571139931678772e-02
2.799337916076183319e-02
3.686660155653953552e-02
4.476464167237281799e-02
4.367092624306678772e-02
4.500475153326988220e-02
3.457964956760406494e-02
4.854339733719825745e-02
3.429445624351501465e-02
4.870947450399398804e-02
3.326170518994331360e-02
3.616870567202568054e-02
4.791243746876716614e-02
3.614120185375213623e-02
3.252629563212394714e-02
5.582014471292495728e-02
5.072334408760070801e-02
3.568042814731597900e-02
4.393499717116355896e-02
5.084026232361793518e-02
4.552299901843070984e-02
8.309440314769744873e-02
5.460551753640174866e-02
3.757282346487045288e-02
4.802703857421875000e-02
4.422678798437118530e-02
3.810630738735198975e-02
4.409864917397499084e-02
4.785547778010368347e-02
3.852875158190727234e-02
3.848356008529663086e-02
3.188453987240791321e-02
4.535267502069473267e-02
3.321771696209907532e-02
3.596718609333038330e-02
4.954786598682403564e-02
3.721297159790992737e-02
3.595440834760665894e-02
3.181087970733642578e-02
4.454130679368972778e-02
7.983397692441940308e-02
1.008934974670410156e-01
3.420022502541542053e-02
4.760523885488510132e-02
7.475911825895309448e-02
4.132325574755668640e-02
4.017655178904533386e-02
3.687011823058128357e-02
3.425343707203865051e-02
3.594278544187545776e-02
4.478196054697036743e-02
3.461204841732978821e-02
3.800749033689498901e-02
4.036489501595497131e-02
4.643667489290237427e-02
4.166915640234947205e-02
5.477134510874748230e-02
3.146401047706604004e-02
4.170794039964675903e-02
4.033388197422027588e-02
3.726222366094589233e-02
6.433971971273422241e-02
3.932273387908935547e-02
2.775731682777404785e-02
8.870673924684524536e-02
5.025792866945266724e-02
4.007760807871818542e-02
4.344352707266807556e-02
4.795004799962043762e-02
7.025655359029769897e-02
5.663694813847541809e-02
4.798491671681404114e-02
4.884750396013259888e-02
4.664244875311851501e-02
4.840635508298873901e-02
4.681065678596496582e-02
3.794929012656211853e-02
3.727824613451957703e-02
3.505904972553253174e-02
3.981828689575195312e-02
4.337770119309425354e-02
3.875033929944038391e-02
4.093470051884651184e-02
3.267182782292366028e-02
3.652476519346237183e-02
5.898187309503555298e-02
4.381095245480537415e-02
4.159418493509292603e-02
4.951137676835060120e-02
4.349906742572784424e-02
3.917107358574867249e-02
4.948468878865242004e-02
5.187649279832839966e-02
6.090866774320602417e-02
5.293718725442886353e-02
4.767307639122009277e-02
3.734873980283737183e-02
4.811936616897583008e-02
3.494295477867126465e-02
4.619653522968292236e-02
5.829209461808204651e-02
3.965635970234870911e-02
4.512116685509681702e-02
3.345469012856483459e-02
5.294409394264221191e-02
5.337902158498764038e-02
3.826186805963516235e-02
4.684107005596160889e-02
2.798056788742542267e-02
3.048536926507949829e-02
5.214203149080276489e-02
3.137369826436042786e-02
3.841565549373626709e-02
4.094318673014640808e-02
4.215491190552711487e-02
2.945803664624691010e-02
3.541160747408866882e-02
6.242845952510833740e-02
2.700030803680419922e-02
3.407413139939308167e-02
3.238933905959129333e-02
3.291099146008491516e-02
3.626695647835731506e-02
4.408295080065727234e-02
2.980229631066322327e-02
3.650172054767608643e-02
3.240447491407394409e-02
2.853721566498279572e-02
2.730249240994453430e-02
3.304710611701011658e-02
4.005127772688865662e-02
4.291191697120666504e-02
3.170206770300865173e-02
4.660798236727714539e-02
4.682592675089836121e-02
2.925099246203899384e-02
5.851900950074195862e-02
4.452536627650260925e-02
5.321392416954040527e-02
3.642098605632781982e-02
3.574388846755027771e-02
4.728791862726211548e-02
3.795088455080986023e-02
4.389058053493499756e-02
2.978736907243728638e-02
4.546454176306724548e-02
3.884340450167655945e-02
3.365407139062881470e-02
3.779039531946182251e-02
5.694062635302543640e-02
3.359061479568481445e-02
4.219237715005874634e-02
4.214429855346679688e-02
4.744658619165420532e-02
5.269176512956619263e-02
2.610488981008529663e-02
4.434786364436149597e-02
4.265576601028442383e-02
3.182437643408775330e-02
5.158552527427673340e-02
5.223561823368072510e-02
5.021105334162712097e-02
4.614649340510368347e-02
5.490693822503089905e-02
3.777439147233963013e-02
7.244287431240081787e-02
4.580451548099517822e-02
3.757397085428237915e-02
3.704849630594253540e-02
3.596735373139381409e-02
3.971292823553085327e-02
2.807908318936824799e-02
5.464256554841995239e-02
2.970939315855503082e-02
3.588695451617240906e-02
3.497752919793128967e-02
4.214146360754966736e-02
4.682748019695281982e-02
3.586221113801002502e-02
2.790600620210170746e-02
5.016662180423736572e-02
3.758116811513900757e-02
6.077779084444046021e-02
4.748187959194183350e-02
5.860549956560134888e-02
4.226950928568840027e-02
5.352139845490455627e-02
4.643922299146652222e-02
4.547927528619766235e-02
4.133407771587371826e-02
3.041197918355464935e-02
4.332115873694419861e-02
3.761345520615577698e-02
4.243871942162513733e-02
3.095827996730804443e-02
2.921272441744804382e-02
3.514889255166053772e-02
3.124746866524219513e-02
3.321114182472229004e-02
4.662132263183593750e-02
5.935187265276908875e-02
4.006794095039367676e-02
2.823913656175136566e-02
3.968582302331924438e-02
4.569456353783607483e-02
5.056283622980117798e-02
3.331110253930091858e-02
2.945532277226448059e-02
3.276189789175987244e-02
2.922066673636436462e-02
5.660089850425720215e-02
2.962451055645942688e-02
5.563456937670707703e-02
4.887623339891433716e-02
4.662520810961723328e-02
5.106301233172416687e-02
4.419859498739242554e-02
4.983446374535560608e-02
4.240255430340766907e-02
3.472302481532096863e-02
4.844369366765022278e-02
4.006672278046607971e-02
3.011461906135082245e-02
3.208303824067115784e-02
5.877005308866500854e-02
3.443601354956626892e-02
6.513714790344238281e-02
3.651332482695579529e-02
3.328098729252815247e-02
4.122124239802360535e-02
4.292186349630355835e-02
5.511156469583511353e-02
4.595478996634483337e-02
3.418921306729316711e-02
4.137764871120452881e-02
4.064542055130004883e-02
3.094678185880184174e-02
4.025376215577125549e-02
4.423552006483078003e-02
7.568972557783126831e-02
4.501320794224739075e-02
3.768133744597434998e-02
2.973299287259578705e-02
4.492117464542388916e-02
3.689536079764366150e-02
6.850816309452056885e-02
3.370586782693862915e-02
3.220040351152420044e-02
4.250486940145492554e-02
3.221544250845909119e-02
3.713838011026382446e-02
5.550859495997428894e-02
3.075771033763885498e-02
4.882207885384559631e-02
3.007110394537448883e-02
4.637715965509414673e-02
3.524421900510787964e-02
4.441488534212112427e-02
2.900964953005313873e-02
5.783607810735702515e-02
3.872068226337432861e-02
2.860760316252708435e-02
5.498926341533660889e-02
3.841887786984443665e-02
4.990412294864654541e-02
2.827678993344306946e-02
3.464102745056152344e-02
3.427608311176300049e-02
4.075434431433677673e-02
6.619959324598312378e-02
3.533968329429626465e-02
4.635165631771087646e-02
6.686953455209732056e-02
4.252914711833000183e-02
3.321681916713714600e-02
2.968272194266319275e-02
4.329746961593627930e-02
3.257618471980094910e-02
2.760273404419422150e-02
4.864016920328140259e-02
4.995188862085342407e-02
3.066950291395187378e-02
3.892980143427848816e-02
5.111943930387496948e-02
6.890527158975601196e-02
4.312661290168762207e-02
4.384585469961166382e-02
7.710726559162139893e-02
2.621077559888362885e-02
5.360690131783485413e-02
5.641608685255050659e-02
4.145328328013420105e-02
3.937214240431785583e-02
4.568300768733024597e-02
3.566449135541915894e-02
3.318645060062408447e-02
3.365754708647727966e-02
4.658958315849304199e-02
6.097942590713500977e-02
2.969030290842056274e-02
3.840893507003784180e-02
3.406017273664474487e-02
4.286785423755645752e-02
3.894407302141189575e-02
4.046036675572395325e-02
5.382518097758293152e-02
3.447721526026725769e-02
3.308957070112228394e-02
3.832060098648071289e-02
5.005788058042526245e-02
3.103222697973251343e-02
4.983590915799140930e-02
3.816244006156921387e-02
6.255253404378890991e-02
4.540532454848289490e-02
3.065337799489498138e-02
3.224474191665649414e-02
5.336783826351165771e-02
8.621976524591445923e-02
6.896980851888656616e-02
3.932293877005577087e-02
3.114787675440311432e-02
4.402380064129829407e-02
6.378559768199920654e-02
4.745614901185035706e-02
3.596249967813491821e-02
3.085195273160934448e-02
3.391593322157859802e-02
3.008121810853481293e-02
3.646222501993179321e-02
4.498677700757980347e-02
8.343505859375000000e-02
3.551400080323219299e-02
3.018634207546710968e-02
2.657133154571056366e-02
5.448656529188156128e-02
4.195703566074371338e-02
3.164001554250717163e-02
2.779866196215152740e-02
5.316006764769554138e-02
3.635468333959579468e-02
5.709532648324966431e-02
3.363791108131408691e-02
4.229835793375968933e-02
3.295360133051872253e-02
3.422510251402854919e-02
3.309655562043190002e-02
4.844698309898376465e-02
3.168233484029769897e-02
3.067217953503131866e-02
5.546824261546134949e-02
3.150603175163269043e-02
3.411727398633956909e-02
4.084155708551406860e-02
3.796143829822540283e-02
4.579959809780120850e-02
2.803285233676433563e-02
3.292107209563255310e-02
3.116003237664699554e-02
4.067143425345420837e-02
3.884166851639747620e-02
4.537370428442955017e-02
3.940904513001441956e-02
5.283472314476966858e-02
4.016898199915885925e-02
4.436006397008895874e-02
6.488274037837982178e-02
3.963495418429374695e-02
4.584862664341926575e-02
3.078165464103221893e-02
3.918721154332160950e-02
3.121552430093288422e-02
3.119671531021595001e-02
5.423130840063095093e-02
4.578879475593566895e-02
3.299637138843536377e-02
4.234765842556953430e-02
3.945915028452873230e-02
4.807390272617340088e-02
6.615765392780303955e-02
2.995660714805126190e-02
3.874734416604042053e-02
3.502650558948516846e-02
3.239260241389274597e-02
3.162844479084014893e-02
4.268204420804977417e-02
3.313517197966575623e-02
3.869488090276718140e-02
3.118753246963024139e-02
5.694002285599708557e-02
4.045113548636436462e-02
4.370653256773948669e-02
4.272966831922531128e-02
5.265641212463378906e-02
4.464714229106903076e-02
4.879196360707283020e-02
5.007396638393402100e-02
6.859520822763442993e-02
4.042186960577964783e-02
8.355350047349929810e-02
4.525592550635337830e-02
4.309187829494476318e-02
3.760659694671630859e-02
5.881781503558158875e-02
4.950314015150070190e-02
5.061466619372367859e-02
3.726772218942642212e-02
5.054893344640731812e-02
4.441475868225097656e-02
3.669770807027816772e-02
2.873340994119644165e-02
3.047254495322704315e-02
4.035797342658042908e-02
5.469889193773269653e-02
3.780806437134742737e-02
3.175623714923858643e-02
3.671720251441001892e-02
4.781786724925041199e-02
3.811026364564895630e-02
3.143722563982009888e-02
5.420729145407676697e-02
4.089410603046417236e-02
5.884825810790061951e-02
4.580449312925338745e-02
3.465577960014343262e-02
3.652890399098396301e-02
3.357989713549613953e-02
2.734246104955673218e-02
3.519454598426818848e-02
2.977666817605495453e-02
3.193230926990509033e-02
4.376484081149101257e-02
5.813588574528694153e-02
5.075620114803314209e-02
3.089503757655620575e-02
4.573617503046989441e-02
4.765960574150085449e-02
4.488069564104080200e-02
3.730173036456108093e-02
4.579792171716690063e-02
4.102863743901252747e-02
4.737156257033348083e-02
4.841927066445350647e-02
3.946107625961303711e-02
3.115990757942199707e-02
3.645185008645057678e-02
3.260932490229606628e-02
5.489142611622810364e-02
3.975889831781387329e-02
4.658313840627670288e-02
3.335094079375267029e-02
3.450507670640945435e-02
4.513466358184814453e-02
4.983976855874061584e-02
3.561421483755111694e-02
4.475611075758934021e-02
4.280367866158485413e-02
3.726376220583915710e-02
8.227496594190597534e-02
5.453721806406974792e-02
8.185830712318420410e-02
3.332500904798507690e-02
3.375893086194992065e-02
4.362282156944274902e-02
4.024498537182807922e-02
3.538889810442924500e-02
5.811692774295806885e-02
3.429386392235755920e-02
5.023891478776931763e-02
5.237915366888046265e-02
5.320437252521514893e-02
4.210608452558517456e-02
3.400018811225891113e-02
4.881715774536132812e-02
5.409093946218490601e-02
3.688782081007957458e-02
4.113246500492095947e-02
4.467331990599632263e-02
5.818858370184898376e-02
4.799519851803779602e-02
4.552093520760536194e-02
4.190411046147346497e-02
5.164584144949913025e-02
4.165389016270637512e-02
3.318234905600547791e-02
3.664858266711235046e-02
7.855002582073211670e-02
3.629260510206222534e-02
4.252876341342926025e-02
3.933498635888099670e-02
5.693662166595458984e-02
3.871655091643333435e-02
3.938426077365875244e-02
5.023609474301338196e-02
4.221430048346519470e-02
4.192597046494483948e-02
4.202916845679283142e-02
3.428531065583229065e-02
4.750361293554306030e-02
4.904434084892272949e-02
4.824177920818328857e-02
4.998471587896347046e-02
4.186881706118583679e-02
2.873715013265609741e-02
3.552316501736640930e-02
2.880329079926013947e-02
5.488148704171180725e-02
3.339541330933570862e-02
2.971848659217357635e-02
3.489842265844345093e-02
4.336953908205032349e-02
4.425608366727828979e-02
3.688831627368927002e-02
5.860845372080802917e-02
3.770424798130989075e-02
3.565933182835578918e-02
4.027264192700386047e-02
3.761354833841323853e-02
3.643511980772018433e-02
3.563566133379936218e-02
3.295595943927764893e-02
5.030725896358489990e-02
4.551538079977035522e-02
4.030870646238327026e-02
3.404046222567558289e-02
4.509015381336212158e-02
3.860162943601608276e-02
3.473631292581558228e-02
3.380797803401947021e-02
5.763981863856315613e-02
8.056697994470596313e-02
4.588972032070159912e-02
2.478731796145439148e-02
3.682777658104896545e-02
4.805451631546020508e-02
4.015180841088294983e-02
3.416439890861511230e-02
3.180004283785820007e-02
4.154010489583015442e-02
2.824774198234081268e-02
4.630556330084800720e-02
7.228998839855194092e-02
2.939619868993759155e-02
3.095554560422897339e-02
4.670231044292449951e-02
5.543068423867225647e-02
3.768740594387054443e-02
3.566958755254745483e-02
6.646610051393508911e-02
2.669247053563594818e-02
3.328747674822807312e-02
4.302292317152023315e-02
4.111783206462860107e-02
3.014787659049034119e-02
3.470407053828239441e-02
4.915149509906768799e-02
3.219787031412124634e-02
8.440145850181579590e-02
3.478075563907623291e-02
2.759892493486404419e-02
4.999946430325508118e-02
2.701508626341819763e-02
3.374687582254409790e-02
3.878685086965560913e-02
6.638626754283905029e-02
4.327770695090293884e-02
6.870450079441070557e-02
3.967718780040740967e-02
3.143234178423881531e-02
2.993052452802658081e-02
3.836897015571594238e-02
5.471415072679519653e-02
2.829186618328094482e-02
4.710488393902778625e-02
2.944391965866088867e-02
5.280486866831779480e-02
3.383843973278999329e-02
3.212659060955047607e-02
2.544485032558441162e-02
3.056964278221130371e-02
3.059210814535617828e-02
3.195548802614212036e-02
3.961877897381782532e-02
2.833919413387775421e-02
4.512696713209152222e-02
3.126091510057449341e-02
3.676992282271385193e-02
4.222377017140388489e-02
2.961306087672710419e-02
4.142988473176956177e-02
6.599803268909454346e-02
4.006271064281463623e-02
4.301240667700767517e-02
3.630143404006958008e-02
6.619994342327117920e-02
4.195490106940269470e-02
3.171962499618530273e-02
3.398160263895988464e-02
3.072275035083293915e-02
3.665884956717491150e-02
8.114576339721679688e-02
4.710094630718231201e-02
3.795924037694931030e-02
3.178009018301963806e-02
5.568302795290946960e-02
3.261106088757514954e-02
3.293846175074577332e-02
3.129214420914649963e-02
4.158773273229598999e-02
4.414617270231246948e-02
5.392123013734817505e-02
4.601311683654785156e-02
4.453888908028602600e-02
3.689800947904586792e-02
3.244329988956451416e-02
4.057259857654571533e-02
3.187644109129905701e-02
4.758086800575256348e-02
4.857568070292472839e-02
3.484241291880607605e-02
5.074962228536605835e-02
3.760500624775886536e-02
5.137517675757408142e-02
3.021177835762500763e-02
3.223542869091033936e-02
4.164287820458412170e-02
2.732411585748195648e-02
2.862679399549961090e-02
2.784367091953754425e-02
3.594237565994262695e-02
3.607300668954849243e-02
4.000354185700416565e-02
2.420462667942047119e-02
2.680206485092639923e-02
3.906290605664253235e-02
3.774024546146392822e-02
3.053906187415122986e-02
7.618375122547149658e-02
3.327502310276031494e-02
3.974708169698715210e-02
3.544414043426513672e-02
3.210778161883354187e-02
3.192696347832679749e-02
3.758440166711807251e-02
4.256596416234970093e-02
2.985981293022632599e-02
3.407448530197143555e-02
4.935704171657562256e-02
3.501855209469795227e-02
4.737891629338264465e-02
3.248627111315727234e-02
4.338100552558898926e-02
2.619330026209354401e-02
6.951750814914703369e-02
3.070792742073535919e-02
4.152928292751312256e-02
4.020974785089492798e-02
5.661957338452339172e-02
6.808160990476608276e-02
2.872493118047714233e-02
3.576650843024253845e-02
4.990686103701591492e-02
3.449813276529312134e-02
7.149652391672134399e-02
5.423252284526824951e-02
3.360500559210777283e-02
3.156479448080062866e-02
5.100593343377113342e-02
3.514790162444114685e-02
3.093780018389225006e-02
5.250335857272148132e-02
2.902666479349136353e-02
2.750468067824840546e-02
3.353873640298843384e-02
6.572652608156204224e-02
3.752853348851203918e-02
3.768320381641387939e-02
2.761843800544738770e-02
3.387558087706565857e-02
3.829816356301307678e-02
6.005005910992622375e-02
3.643823787569999695e-02
3.545606881380081177e-02
4.916357994079589844e-02
3.269267454743385315e-02
4.748434945940971375e-02
5.353569984436035156e-02
3.632107004523277283e-02
4.192262142896652222e-02
4.218814522027969360e-02
4.022298753261566162e-02
2.856011316180229187e-02
4.112550988793373108e-02
3.003391996026039124e-02
3.714849799871444702e-02
4.324459657073020935e-02
3.263946622610092163e-02
3.447622433304786682e-02
3.386435285210609436e-02
4.161299020051956177e-02
3.855037316679954529e-02
3.460953012108802795e-02
3.364169597625732422e-02
3.636547550559043884e-02
3.078016079962253571e-02
3.269045799970626831e-02
2.858116477727890015e-02
2.769189886748790741e-02
3.844811767339706421e-02
5.862017348408699036e-02
3.756108134984970093e-02
2.475875243544578552e-02
4.540728032588958740e-02
2.774467505514621735e-02
3.684916347265243530e-02
3.030117787420749664e-02
5.323275178670883179e-02
4.654023796319961548e-02
3.947574645280838013e-02
2.854530885815620422e-02
3.305909410119056702e-02
2.640274912118911743e-02
2.862145192921161652e-02
3.174611553549766541e-02
5.472618713974952698e-02
3.156805410981178284e-02
2.882036380469799042e-02
4.480554908514022827e-02
3.321165964007377625e-02
2.973933704197406769e-02
5.228974670171737671e-02
3.868305683135986328e-02
3.243881836533546448e-02
4.674886539578437805e-02
3.202596306800842285e-02
3.008727356791496277e-02
3.249132633209228516e-02
3.627543523907661438e-02
4.915013536810874939e-02
5.026982724666595459e-02
3.629524633288383484e-02
3.581379354000091553e-02
4.223499819636344910e-02
3.506084531545639038e-02
2.759734354913234711e-02
2.729286439716815948e-02
2.856974117457866669e-02
4.661141708493232727e-02
3.799164667725563049e-02
6.500279903411865234e-02
6.131601706147193909e-02
3.018762730062007904e-02
3.724382817745208740e-02
2.890175767242908478e-02
3.846893832087516785e-02
3.076158836483955383e-02
3.019345365464687347e-02
3.713836893439292908e-02
3.721165284514427185e-02
3.330931067466735840e-02
3.797785192728042603e-02
4.354702681303024292e-02
3.842170163989067078e-02
5.616007745265960693e-02
4.044728353619575500e-02
3.031547740101814270e-02
3.544653579592704773e-02
3.574480116367340088e-02
4.951613768935203552e-02
4.580021649599075317e-02
3.578351810574531555e-02
6.774996221065521240e-02
4.164377972483634949e-02
4.829785227775573730e-02
6.514376401901245117e-02
4.515564069151878357e-02
6.196412071585655212e-02
3.111651912331581116e-02
5.275265499949455261e-02
4.273805767297744751e-02
3.741145879030227661e-02
2.953523956239223480e-02
6.383508443832397461e-02
4.189780727028846741e-02
3.544636443257331848e-02
3.461896628141403198e-02
3.340055048465728760e-02
5.269230529665946960e-02
6.672567874193191528e-02
4.036124050617218018e-02
4.349042847752571106e-02
3.874371573328971863e-02
4.717529565095901489e-02
4.194550961256027222e-02
4.338257387280464172e-02
4.992755502462387085e-02
3.469434008002281189e-02
4.050521552562713623e-02
3.547815233469009399e-02
4.502472281455993652e-02
3.632590547204017639e-02
2.825393155217170715e-02
4.111672937870025635e-02
3.584294766187667847e-02
4.207693040370941162e-02
3.642817214131355286e-02
3.608575835824012756e-02
5.796635895967483521e-02
3.298436105251312256e-02
2.554622292518615723e-02
3.935545310378074646e-02
3.500553965568542480e-02
2.839072607457637787e-02
3.490420430898666382e-02
3.576679155230522156e-02
3.963391855359077454e-02
3.406124189496040344e-02
3.270881995558738708e-02
3.160339966416358948e-02
3.118443675339221954e-02
3.515965119004249573e-02
2.721565589308738708e-02
3.937968239188194275e-02
4.744773358106613159e-02
4.893011972308158875e-02
2.846152335405349731e-02
3.677213564515113831e-02
3.031489811837673187e-02
3.529475256800651550e-02
2.849987335503101349e-02
3.383101522922515869e-02
2.991832233965396881e-02
3.308008611202239990e-02
4.192655906081199646e-02
4.243719205260276794e-02
3.553315252065658569e-02
5.627734586596488953e-02
3.488382324576377869e-02
3.337266296148300171e-02
6.597407162189483643e-02
3.279324993491172791e-02
3.414016589522361755e-02
2.856437489390373230e-02
5.791073665022850037e-02
4.532496258616447449e-02
2.505591511726379395e-02
3.498874604701995850e-02
2.651794627308845520e-02
3.512021899223327637e-02
4.258375242352485657e-02
5.403745546936988831e-02
4.154763370752334595e-02
3.604253381490707397e-02
3.787374123930931091e-02
5.967905744910240173e-02
4.566631838679313660e-02
3.107693418860435486e-02
3.910760954022407532e-02
4.340139403939247131e-02
4.309731349349021912e-02
3.622042015194892883e-02
5.016278475522994995e-02
4.529621079564094543e-02
3.433197364211082458e-02
5.439560860395431519e-02
3.477824106812477112e-02
4.107020422816276550e-02
3.252917528152465820e-02
3.953174874186515808e-02
4.327110573649406433e-02
5.391794070601463318e-02
2.964661829173564911e-02
4.398527368903160095e-02
3.070048429071903229e-02
4.783490300178527832e-02
3.300235047936439514e-02
4.284413903951644897e-02
3.524264320731163025e-02
3.127431496977806091e-02
4.939138516783714294e-02
4.924644902348518372e-02
5.391222238540649414e-02
4.540328308939933777e-02
4.329221323132514954e-02
3.500887379050254822e-02
3.437330573797225952e-02
2.869650349020957947e-02
3.872875496745109558e-02
3.557615727186203003e-02
3.106659837067127228e-02
2.994707413017749786e-02
3.581602126359939575e-02
3.336010873317718506e-02
3.963985666632652283e-02
3.374998271465301514e-02
4.398246482014656067e-02
3.945718705654144287e-02
3.562237322330474854e-02
3.052183240652084351e-02
4.937480390071868896e-02
3.838687017560005188e-02
4.093719646334648132e-02
2.640819363296031952e-02
4.258674755692481995e-02
3.389249742031097412e-02
3.672935813665390015e-02
5.448327213525772095e-02
4.504696279764175415e-02
4.946340993046760559e-02
3.244231641292572021e-02
5.187739431858062744e-02
3.506737574934959412e-02
4.424184933304786682e-02
3.358237072825431824e-02
4.847522452473640442e-02
4.689205810427665710e-02
4.092005267739295959e-02
5.489628016948699951e-02
3.155314922332763672e-02
3.276672959327697754e-02
3.046036511659622192e-02
3.791888803243637085e-02
6.679315865039825439e-02
2.927405573427677155e-02
4.201823100447654724e-02
4.266011714935302734e-02
3.468716517090797424e-02
3.852235898375511169e-02
2.583874017000198364e-02
3.112180344760417938e-02
2.863781526684761047e-02
2.624420262873172760e-02
3.252292424440383911e-02
3.776956722140312195e-02
3.542419150471687317e-02
2.965057455003261566e-02
2.679042890667915344e-02
3.461963310837745667e-02
3.319423645734786987e-02
3.323807194828987122e-02
2.663625963032245636e-02
3.511954471468925476e-02
3.465173766016960144e-02
3.700672835111618042e-02
3.266216069459915161e-02
3.072056919336318970e-02
3.244512528181076050e-02
3.297128900885581970e-02
3.508197888731956482e-02
7.498774677515029907e-02
2.905431762337684631e-02
3.495151177048683167e-02
3.437625616788864136e-02
3.098197653889656067e-02
3.421381488442420959e-02
3.871371597051620483e-02
3.771082311868667603e-02
2.432610280811786652e-02
2.848228439688682556e-02
6.150187179446220398e-02
2.574883215129375458e-02
5.360625684261322021e-02
2.928885258734226227e-02
3.094417601823806763e-02
2.776247635483741760e-02
5.112022534012794495e-02
3.582576289772987366e-02
4.061518236994743347e-02
3.100573644042015076e-02
3.804027661681175232e-02
4.955469444394111633e-02
3.689973056316375732e-02
3.228452801704406738e-02
4.614060744643211365e-02
4.648749530315399170e-02
4.432794079184532166e-02
4.012881219387054443e-02
6.454879045486450195e-02
4.756497219204902649e-02
3.296316787600517273e-02
2.718477323651313782e-02
3.656676784157752991e-02
3.282424062490463257e-02
3.545847535133361816e-02
3.543517366051673889e-02
5.398876965045928955e-02
3.564615920186042786e-02
3.052134625613689423e-02
3.905158489942550659e-02
3.708335012197494507e-02
4.060517251491546631e-02
3.713355213403701782e-02
2.540336176753044128e-02
3.229275718331336975e-02
3.997761756181716919e-02
3.068959712982177734e-02
3.026675991714000702e-02
3.788384050130844116e-02
3.329732641577720642e-02
3.120628558099269867e-02
4.774592071771621704e-02
3.101388923823833466e-02
2.855312079191207886e-02
2.417548187077045441e-02
2.823415957391262054e-02
2.969089336693286896e-02
3.310246020555496216e-02
2.914641797542572021e-02
2.897453866899013519e-02
3.299319371581077576e-02
4.048356041312217712e-02
3.413733467459678650e-02
3.616544604301452637e-02
4.753585904836654663e-02
3.303706645965576172e-02
3.568253666162490845e-02
3.882066532969474792e-02
4.978078603744506836e-02
3.706729784607887268e-02
5.305398628115653992e-02
3.735512122511863708e-02
3.713150322437286377e-02
4.500338435173034668e-02
3.610506653785705566e-02
3.778595849871635437e-02
4.282033443450927734e-02
4.030315577983856201e-02
3.961214795708656311e-02
3.854472935199737549e-02
3.737524151802062988e-02
4.044684022665023804e-02
5.485581979155540466e-02
4.499425739049911499e-02
3.170134872198104858e-02
4.123139381408691406e-02
4.451602324843406677e-02
4.056151956319808960e-02
3.048101067543029785e-02
3.283547982573509216e-02
4.842897877097129822e-02
4.280010983347892761e-02
5.905750393867492676e-02
3.706743940711021423e-02
5.591145157814025879e-02
3.574537113308906555e-02
5.196865275502204895e-02
5.276006087660789490e-02
5.115365609526634216e-02
2.848820202052593231e-02
5.757264420390129089e-02
2.915316261351108551e-02
2.824782766401767731e-02
2.701159007847309113e-02
4.677649959921836853e-02
3.068655543029308319e-02
3.285141661763191223e-02
4.608104005455970764e-02
3.179245442152023315e-02
2.775186300277709961e-02
3.515096008777618408e-02
3.246605023741722107e-02
3.074338100850582123e-02
3.377764299511909485e-02
3.194718435406684875e-02
2.880736440420150757e-02
3.768427297472953796e-02
4.644264653325080872e-02
3.240731731057167053e-02
3.895553946495056152e-02
3.848971426486968994e-02
4.219185933470726013e-02
3.399229422211647034e-02
3.618208691477775574e-02
5.253825336694717407e-02
5.700949952006340027e-02
3.660599887371063232e-02
4.041696339845657349e-02
2.930660359561443329e-02
6.564544886350631714e-02
3.517983481287956238e-02
3.561419993638992310e-02
3.716396167874336243e-02
3.065156936645507812e-02
4.045531898736953735e-02
4.393922910094261169e-02
4.099898785352706909e-02
3.620542213320732117e-02
3.176122158765792847e-02
4.646141827106475830e-02
3.421045839786529541e-02
2.628565952181816101e-02
2.906748093664646149e-02
2.887945622205734253e-02
4.137863963842391968e-02
3.065283223986625671e-02
3.749298304319381714e-02
2.884367667138576508e-02
5.732589215040206909e-02
4.672057181596755981e-02
4.952895641326904297e-02
4.134310781955718994e-02
3.660907223820686340e-02
4.497684165835380554e-02
3.153106570243835449e-02
3.252399340271949768e-02
2.687357552349567413e-02
3.381997719407081604e-02
3.074971027672290802e-02
2.702396735548973083e-02
2.908356674015522003e-02
4.228140786290168762e-02
3.634032234549522400e-02
4.097353294491767883e-02
2.778448536992073059e-02
3.378853574395179749e-02
3.986165300011634827e-02
5.297119915485382080e-02
4.788552224636077881e-02
2.739029191434383392e-02
3.963246569037437439e-02
4.079497978091239929e-02
3.010134585201740265e-02
2.980389073491096497e-02
3.543629497289657593e-02
7.339119911193847656e-02
4.416122660040855408e-02
3.173846378922462463e-02
3.718977794051170349e-02
3.965846449136734009e-02
3.364679962396621704e-02
4.162780568003654480e-02
3.329728171229362488e-02
4.384317249059677124e-02
3.255959972739219666e-02
2.256796881556510925e-02
2.646339125931262970e-02
3.142560645937919617e-02
2.580707520246505737e-02
4.168221727013587952e-02
2.775209210813045502e-02
2.987395413219928741e-02
2.693750336766242981e-02
5.491058900952339172e-02
4.170180857181549072e-02
3.313540667295455933e-02
3.382236137986183167e-02
2.842780947685241699e-02
4.430750757455825806e-02
5.165297165513038635e-02
3.825902193784713745e-02
3.360258787870407104e-02
2.614413388073444366e-02
3.359526395797729492e-02
4.242204502224922180e-02
3.350275382399559021e-02
3.758925944566726685e-02
4.551747813820838928e-02
3.574545681476593018e-02
3.167281672358512878e-02
3.549194335937500000e-02
2.387477643787860870e-02
2.628099918365478516e-02
2.892162092030048370e-02
2.956978231668472290e-02
2.983846329152584076e-02
3.389088064432144165e-02
3.620417788624763489e-02
4.041536524891853333e-02
4.940173774957656860e-02
3.598148003220558167e-02
3.196024149656295776e-02
3.540473803877830505e-02
4.618519544601440430e-02
5.001028627157211304e-02
4.646224528551101685e-02
4.371702298521995544e-02
3.103863261640071869e-02
2.815084345638751984e-02
3.042862378060817719e-02
3.057155758142471313e-02
5.728587135672569275e-02
3.990861400961875916e-02
3.676739707589149475e-02
2.423396334052085876e-02
3.351696208119392395e-02
3.610972687602043152e-02
2.770682983100414276e-02
3.385560587048530579e-02
4.840108379721641541e-02
4.600996524095535278e-02
3.135660663247108459e-02
2.422591857612133026e-02
2.902572788298130035e-02
4.703569039702415466e-02
3.105844557285308838e-02
3.616882488131523132e-02
3.186774626374244690e-02
5.095554143190383911e-02
4.384382814168930054e-02
5.371775105595588684e-02
3.386021777987480164e-02
3.113260678946971893e-02
3.880468755960464478e-02
3.164213895797729492e-02
2.875644527375698090e-02
3.236999362707138062e-02
2.732947841286659241e-02
2.667010575532913208e-02
2.386255376040935516e-02
2.966999448835849762e-02
3.318966925144195557e-02
4.418515786528587341e-02
3.506015986204147339e-02
3.901468962430953979e-02
3.200450167059898376e-02
2.404438331723213196e-02
4.575646668672561646e-02
3.288197517395019531e-02
3.943262621760368347e-02
3.912494331598281860e-02
2.365608699619770050e-02
4.268562793731689453e-02
3.786951676011085510e-02
3.724583238363265991e-02
3.607445955276489258e-02
3.768970817327499390e-02
2.897616848349571228e-02
3.980162739753723145e-02
3.264824301004409790e-02
4.591421410441398621e-02
6.351745873689651489e-02
4.080883786082267761e-02
3.880355134606361389e-02
5.744629725813865662e-02
3.393687680363655090e-02
3.237466141581535339e-02
3.915210068225860596e-02
4.679017513990402222e-02
3.096788935363292694e-02
3.308901190757751465e-02
3.084908798336982727e-02
3.354558721184730530e-02
4.253168031573295593e-02
3.438948467373847961e-02
4.539803788065910339e-02
3.663531690835952759e-02
3.288861736655235291e-02
4.382881894707679749e-02
3.047958575189113617e-02
3.625850006937980652e-02
3.367796540260314941e-02
3.726499155163764954e-02
3.093197010457515717e-02
4.209256917238235474e-02
4.676293954253196716e-02
2.848511002957820892e-02
3.730570897459983826e-02
3.641190379858016968e-02
2.847348898649215698e-02
4.145760461688041687e-02
3.068602457642555237e-02
3.142764791846275330e-02
3.766907379031181335e-02
2.865954115986824036e-02
3.571186587214469910e-02
4.094854742288589478e-02
3.073442541062831879e-02
3.083478100597858429e-02
3.231368213891983032e-02
2.667261287569999695e-02
3.259979560971260071e-02
3.560186550021171570e-02
2.742390707135200500e-02
2.865946106612682343e-02
2.818565443158149719e-02
3.657130524516105652e-02
3.687965124845504761e-02
3.471593186259269714e-02
2.853884175419807434e-02
3.310301527380943298e-02
3.614656254649162292e-02
3.204711899161338806e-02
3.816832229495048523e-02
3.852024301886558533e-02
4.882577061653137207e-02
2.813402190804481506e-02
4.631269350647926331e-02
2.218030393123626709e-02
3.054170683026313782e-02
2.643821202218532562e-02
2.905660122632980347e-02
2.911648899316787720e-02
3.528010100126266479e-02
4.805222526192665100e-02
2.931813150644302368e-02
3.818703442811965942e-02
2.473119646310806274e-02
4.271684959530830383e-02
3.572663664817810059e-02
3.716031461954116821e-02
2.416823990643024445e-02
4.307238012552261353e-02
4.394381493330001831e-02
3.817586973309516907e-02
4.739355295896530151e-02
3.936539962887763977e-02
5.140660330653190613e-02
3.491835668683052063e-02
3.347286209464073181e-02
2.860139496624469757e-02
3.227205947041511536e-02
2.626773528754711151e-02
2.881891839206218719e-02
5.342651903629302979e-02
2.734216302633285522e-02
3.059603273868560791e-02
3.983366861939430237e-02
2.456633932888507843e-02
2.948642522096633911e-02
2.793790400028228760e-02
3.286676853895187378e-02
3.965967148542404175e-02
4.334870353341102600e-02
3.424348309636116028e-02
4.037998244166374207e-02
3.026362322270870209e-02
4.791826009750366211e-02
2.907398715615272522e-02
3.658493980765342712e-02
4.142847657203674316e-02
2.877295203506946564e-02
3.858202323317527771e-02
3.478252887725830078e-02
5.029945075511932373e-02
3.391261026263237000e-02
