6.946048140525817871e-02
6.205128133296966553e-02
6.279330700635910034e-02
6.890905648469924927e-02
5.315991118550300598e-02
5.894659832119941711e-02
6.019638851284980774e-02
5.810743942856788635e-02
3.895782679319381714e-02
4.382964596152305603e-02
4.573065787553787231e-02
3.548904135823249817e-02
3.012129291892051697e-02
2.833864279091358185e-02
3.357056155800819397e-02
4.587227851152420044e-02
3.342011570930480957e-02
1.936488784849643707e-02
3.299047797918319702e-02
2.103981189429759979e-02
2.458613552153110504e-02
2.241214737296104431e-02
3.176527097821235657e-02
2.508419379591941833e-02
2.346005849540233612e-02
2.090643532574176788e-02
1.699323393404483795e-02
2.192540466785430908e-02
1.165258232504129410e-02
1.688123494386672974e-02
1.756514422595500946e-02
1.220084913074970245e-02
1.611392945051193237e-02
1.551637891680002213e-02
1.445331424474716187e-02
1.351585518568754196e-02
1.172505598515272141e-02
1.614168845117092133e-02
1.707138121128082275e-02
1.274573709815740585e-02
1.373750250786542892e-02
1.706952042877674103e-02
1.265537738800048828e-02
1.317771058529615402e-02
1.015895605087280273e-02
1.673007942736148834e-02
1.467564888298511505e-02
1.161174196749925613e-02
8.015911094844341278e-03
1.138464082032442093e-02
1.259787194430828094e-02
1.498503237962722778e-02
1.399241667240858078e-02
1.071221381425857544e-02
8.751912042498588562e-03
6.499249022454023361e-03
1.101732719689607620e-02
7.375772576779127121e-03
8.914078585803508759e-03
1.075132470577955246e-02
8.882795460522174835e-03
1.519598159939050674e-02
1.231357827782630920e-02
9.943739511072635651e-03
8.834984153509140015e-03
1.143786404281854630e-02
8.734444156289100647e-03
1.010936964303255081e-02
8.509051054716110229e-03
1.066935341805219650e-02
8.441319689154624939e-03
9.817255660891532898e-03
1.107548456639051437e-02
6.490357220172882080e-03
1.162342447787523270e-02
7.079210132360458374e-03
7.990160025656223297e-03
5.736839957535266876e-03
8.681931532919406891e-03
8.656762540340423584e-03
7.886325940489768982e-03
5.385813768953084946e-03
1.287080906331539154e-02
1.353591587394475937e-02
8.804537355899810791e-03
9.570002555847167969e-03
1.028933376073837280e-02
9.619241580367088318e-03
7.227095775306224823e-03
1.128459256142377853e-02
4.477860871702432632e-03
9.370846673846244812e-03
8.079216815531253815e-03
9.613584727048873901e-03
8.023804984986782074e-03
8.944966830313205719e-03
9.528247639536857605e-03
6.451562512665987015e-03
1.048915833234786987e-02
8.498786948621273041e-03
1.318914070725440979e-02
1.085373945534229279e-02
4.502435214817523956e-03
1.003050245344638824e-02
6.818900350481271744e-03
4.892023745924234390e-03
6.742119789123535156e-03
6.980085279792547226e-03
1.342185679823160172e-02
5.224898923188447952e-03
7.461933884769678116e-03
6.511399522423744202e-03
8.722195401787757874e-03
5.060017574578523636e-03
1.360006723552942276e-02
7.482454180717468262e-03
8.120477199554443359e-03
6.890410557389259338e-03
8.470523171126842499e-03
7.811126299202442169e-03
3.989680204540491104e-03
6.754960399121046066e-03
1.047180779278278351e-02
5.845610052347183228e-03
8.007586933672428131e-03
1.817349903285503387e-02
5.087840836495161057e-03
9.459333494305610657e-03
6.413089577108621597e-03
6.748578976839780807e-03
6.295402068644762039e-03
8.217923343181610107e-03
7.391867227852344513e-03
6.786835379898548126e-03
5.201580468565225601e-03
6.067097187042236328e-03
5.429899320006370544e-03
5.054296925663948059e-03
7.878445088863372803e-03
6.898397579789161682e-03
4.813414067029953003e-03
4.030607640743255615e-03
6.160185672342777252e-03
6.624511443078517914e-03
5.833656992763280869e-03
5.442688241600990295e-03
7.746092043817043304e-03
5.310735665261745453e-03
4.131731111556291580e-03
7.434712257236242294e-03
6.519524846225976944e-03
7.041874341666698456e-03
5.938709713518619537e-03
5.084293428808450699e-03
6.365113425999879837e-03
5.493752658367156982e-03
5.576129537075757980e-03
4.361836705356836319e-03
6.710038054734468460e-03
1.125078927725553513e-02
4.395309835672378540e-03
8.976900018751621246e-03
4.501008894294500351e-03
9.640104137361049652e-03
6.203257944434881210e-03
5.583824124187231064e-03
7.148114498704671860e-03
5.489479284733533859e-03
4.077472258359193802e-03
8.641632273793220520e-03
6.074636243283748627e-03
5.355467088520526886e-03
6.629425100982189178e-03
6.466104649007320404e-03
5.593060515820980072e-03
5.344976205378770828e-03
7.885515689849853516e-03
5.543568637222051620e-03
5.914349108934402466e-03
5.210087634623050690e-03
4.766833037137985229e-03
4.652124363929033279e-03
9.683312848210334778e-03
1.235585100948810577e-02
4.908012226223945618e-03
4.773339722305536270e-03
6.156227551400661469e-03
7.523558568209409714e-03
8.861673064529895782e-03
9.789429605007171631e-03
5.880559328943490982e-03
6.180667784065008163e-03
5.813888274133205414e-03
5.423213355243206024e-03
5.445057526230812073e-03
7.501037791371345520e-03
3.492372576147317886e-03
7.019357755780220032e-03
8.116090670228004456e-03
2.042071521282196045e-02
4.752179142087697983e-03
4.117256030440330505e-03
1.178954448550939560e-02
6.364628672599792480e-03
9.510526433587074280e-03
4.131721332669258118e-03
1.847591251134872437e-02
5.701548885554075241e-03
6.824875250458717346e-03
4.795405548065900803e-03
6.178289186209440231e-03
1.115754619240760803e-02
9.995254687964916229e-03
5.685620941221714020e-03
1.162455510348081589e-02
9.323084726929664612e-03
4.388534463942050934e-03
1.587833091616630554e-02
3.677597502246499062e-03
6.903049536049365997e-03
4.868088755756616592e-03
8.709915913641452789e-03
4.496542271226644516e-03
1.016668416559696198e-02
7.762643974274396896e-03
4.572586622089147568e-03
6.701748818159103394e-03
6.540889851748943329e-03
5.292319692671298981e-03
4.083130974322557449e-03
4.281567409634590149e-03
3.588897641748189926e-03
1.610374636948108673e-02
3.532973583787679672e-03
3.263795049861073494e-03
4.421506077051162720e-03
4.946094471961259842e-03
4.138134885579347610e-03
7.263300009071826935e-03
5.708768498152494431e-03
3.898346563801169395e-03
3.534259740263223648e-03
4.217372741550207138e-03
1.004034001380205154e-02
3.327030921354889870e-03
1.265797950327396393e-02
3.558452939614653587e-03
3.849250031635165215e-03
9.455443359911441803e-03
6.725543178617954254e-03
4.122943617403507233e-03
4.204631317406892776e-03
3.765121567994356155e-03
5.492291878908872604e-03
4.177093971520662308e-03
5.339086055755615234e-03
5.515932571142911911e-03
6.505764089524745941e-03
7.096849847584962845e-03
1.018741913139820099e-02
5.241744685918092728e-03
6.733413785696029663e-03
6.379086058586835861e-03
5.292472429573535919e-03
4.783792886883020401e-03
6.108026020228862762e-03
1.077718287706375122e-02
5.197525955736637115e-03
4.389666952192783356e-03
4.504587035626173019e-03
4.784042015671730042e-03
7.002101745456457138e-03
2.953322604298591614e-03
8.955038152635097504e-03
8.599196560680866241e-03
5.464338231831789017e-03
5.297441035509109497e-03
4.736240021884441376e-03
5.530848633497953415e-03
3.785825567319989204e-03
3.417239291593432426e-03
4.838339984416961670e-03
4.934569355100393295e-03
5.258241202682256699e-03
3.649749327450990677e-03
5.039569921791553497e-03
3.987796138972043991e-03
3.943834453821182251e-03
5.741980392485857010e-03
4.446102771908044815e-03
4.471066873520612717e-03
4.701953846961259842e-03
3.562622237950563431e-03
3.390853526070713997e-03
3.311097389087080956e-03
3.118753200396895409e-03
4.073578864336013794e-03
3.612540662288665771e-03
5.458082072436809540e-03
9.942583739757537842e-03
5.902000237256288528e-03
4.567957483232021332e-03
4.522108938544988632e-03
4.303552675992250443e-03
4.297426436096429825e-03
5.783117841929197311e-03
6.546650081872940063e-03
8.082794956862926483e-03
6.375158205628395081e-03
1.200459431856870651e-02
5.076880566775798798e-03
7.679982110857963562e-03
3.739158390089869499e-03
6.726705469191074371e-03
6.251987069845199585e-03
6.452391855418682098e-03
4.122192505747079849e-03
4.549883306026458740e-03
3.689125413075089455e-03
5.478655919432640076e-03
4.677863791584968567e-03
4.023036453872919083e-03
4.253983031958341599e-03
4.037915263324975967e-03
5.957420915365219116e-03
4.465723875910043716e-03
5.457521416246891022e-03
3.669173689559102058e-03
4.495885688811540604e-03
1.927861198782920837e-02
8.593887090682983398e-03
3.908368758857250214e-03
3.096021944656968117e-03
7.499442435801029205e-03
4.733605310320854187e-03
6.749751511961221695e-03
4.610634408891201019e-03
4.963608458638191223e-03
3.824368817731738091e-03
4.907002672553062439e-03
2.819722983986139297e-03
5.414653569459915161e-03
4.850845318287611008e-03
2.694883383810520172e-03
4.835085477679967880e-03
3.693693084642291069e-03
6.695176009088754654e-03
6.272449158132076263e-03
3.407868556678295135e-03
9.689021855592727661e-03
3.606229554861783981e-03
1.195392757654190063e-02
4.047937691211700439e-03
4.063797648996114731e-03
3.244933206588029861e-03
5.634662229567766190e-03
4.507076460868120193e-03
5.555030424147844315e-03
5.043457262217998505e-03
7.082023192197084427e-03
6.386261433362960815e-03
3.436658997088670731e-03
1.108912378549575806e-02
4.401594866067171097e-03
5.193871911615133286e-03
7.539754267781972885e-03
7.127696182578802109e-03
5.723840557038784027e-03
4.454794339835643768e-03
3.874353365972638130e-03
2.913031261414289474e-03
4.731835331767797470e-03
3.397119697183370590e-03
2.390585141256451607e-03
4.795840475708246231e-03
3.278805874288082123e-03
2.955476520583033562e-03
2.896929159760475159e-03
3.457503393292427063e-03
4.117882344871759415e-03
9.099672548472881317e-03
6.119159050285816193e-03
5.578309297561645508e-03
4.371791146695613861e-03
2.880679210647940636e-03
4.124565050005912781e-03
3.603940596804022789e-03
5.339001771062612534e-03
4.219194408506155014e-03
3.058841684833168983e-03
4.466599784791469574e-03
4.217967856675386429e-03
1.399755850434303284e-02
4.163940437138080597e-03
4.798462614417076111e-03
8.692347444593906403e-03
8.207807317376136780e-03
5.188095849007368088e-03
2.930201590061187744e-03
4.368337336927652359e-03
5.178557243198156357e-03
3.825781168416142464e-03
3.370051737874746323e-03
3.030192572623491287e-03
5.396581254899501801e-03
3.431400517001748085e-03
6.492340471595525742e-03
4.978837445378303528e-03
2.307880204170942307e-03
7.336056325584650040e-03
5.755965132266283035e-03
9.241292253136634827e-03
3.084806026890873909e-03
4.287049639970064163e-03
3.152362303808331490e-03
3.092691535130143166e-03
5.421397741883993149e-03
3.976571373641490936e-03
5.270183086395263672e-03
8.411275222897529602e-03
1.440722215920686722e-02
4.548476543277502060e-03
2.914833370596170425e-03
7.234862074255943298e-03
4.490173887461423874e-03
3.208962734788656235e-03
8.353364653885364532e-03
5.182036664336919785e-03
5.263468250632286072e-03
6.701856851577758789e-03
2.721704542636871338e-03
3.381694434210658073e-03
3.522829851135611534e-03
7.234535180032253265e-03
4.945883993059396744e-03
4.465301986783742905e-03
5.044966004788875580e-03
3.987123724073171616e-03
3.585652681067585945e-03
4.075509496033191681e-03
2.341295126825571060e-03
2.468121470883488655e-03
3.819795791059732437e-03
3.438587766140699387e-03
2.502252347767353058e-03
5.869224667549133301e-03
2.764441771432757378e-03
4.147756844758987427e-03
5.701373796910047531e-03
8.404607884585857391e-03
3.692157100886106491e-03
3.360086120665073395e-03
3.133220830932259560e-03
4.555995576083660126e-03
3.388785989955067635e-03
4.044041037559509277e-03
6.259417627006769180e-03
5.038849543780088425e-03
3.061831463128328323e-03
5.242947023361921310e-03
9.053719229996204376e-03
4.975869320333003998e-03
5.059004761278629303e-03
5.862338934093713760e-03
4.136065952479839325e-03
3.843140089884400368e-03
6.724335253238677979e-03
4.202770534902811050e-03
6.649514660239219666e-03
3.597412724047899246e-03
3.938345238566398621e-03
3.624027827754616737e-03
2.924175700172781944e-03
3.503287443891167641e-03
2.304984256625175476e-03
5.382220260798931122e-03
2.897056285291910172e-03
2.593206008896231651e-03
6.474977824836969376e-03
2.909505274146795273e-03
2.039399929344654083e-03
3.220288315787911415e-03
6.291283294558525085e-03
3.220274811610579491e-03
4.179421346634626389e-03
3.337397705763578415e-03
3.035511821508407593e-03
5.682165268808603287e-03
4.001486580818891525e-03
3.259218297898769379e-03
3.733972553163766861e-03
4.670511931180953979e-03
8.463878184556961060e-03
6.986550055444240570e-03
3.115584608167409897e-03
2.129518426954746246e-03
5.902004428207874298e-03
2.573419362306594849e-03
5.206776317209005356e-03
2.532502636313438416e-03
2.396157942712306976e-03
5.501959007233381271e-03
3.321900032460689545e-03
8.538185618817806244e-03
2.895870245993137360e-03
3.508360125124454498e-03
4.060958977788686752e-03
6.483383011072874069e-03
3.163976594805717468e-03
2.712238114327192307e-03
1.169659569859504700e-02
9.747847914695739746e-03
7.023487240076065063e-03
5.520279984921216965e-03
2.586977789178490639e-03
3.186437999829649925e-03
9.369996376335620880e-03
6.341101136058568954e-03
1.172204408794641495e-02
3.865811275318264961e-03
3.759746672585606575e-03
3.745657159015536308e-03
6.742979399859905243e-03
4.083205945789813995e-03
4.544035531580448151e-03
4.935503005981445312e-03
8.582292124629020691e-03
1.001291256397962570e-02
4.812194500118494034e-03
5.578853189945220947e-03
5.155032966285943985e-03
3.345680888742208481e-03
4.805612377822399139e-03
6.394864059984683990e-03
3.733170684427022934e-03
1.038217265158891678e-02
3.415830433368682861e-03
3.693342441692948341e-03
3.864031285047531128e-03
3.684901166707277298e-03
2.950607566162943840e-03
3.743997076526284218e-03
5.153651814907789230e-03
5.387526471167802811e-03
4.590556491166353226e-03
5.554039031267166138e-03
4.958191420882940292e-03
1.109634898602962494e-02
4.002403933554887772e-03
2.345682587474584579e-03
5.733877886086702347e-03
5.176803097128868103e-03
3.649169113487005234e-03
3.666205098852515221e-03
5.536223761737346649e-03
5.214754492044448853e-03
3.552386770024895668e-03
3.416588064283132553e-03
6.960816215723752975e-03
7.013744208961725235e-03
3.987716510891914368e-03
2.567844698205590248e-03
3.005860839039087296e-03
3.774171462282538414e-03
2.128058113157749176e-03
2.442405791953206062e-03
1.899124472402036190e-03
1.148143783211708069e-02
5.278889089822769165e-03
2.636312274262309074e-03
2.837183419615030289e-03
4.737343639135360718e-03
3.563041333109140396e-03
2.734291134402155876e-03
3.428559983149170876e-03
3.469081828370690346e-03
4.961580503731966019e-03
3.175964811816811562e-03
3.011855296790599823e-03
3.151495475322008133e-03
5.344824399799108505e-03
2.704855520278215408e-03
2.368259942159056664e-03
2.013773191720247269e-03
3.766055451706051826e-03
3.635073080658912659e-03
6.039370317012071609e-03
4.952189046889543533e-03
3.921345341950654984e-03
2.554260659962892532e-03
3.851410700008273125e-03
2.789932303130626678e-03
2.879768144339323044e-03
4.869364667683839798e-03
7.168089970946311951e-03
3.518573939800262451e-03
3.291228553280234337e-03
1.969281816855072975e-03
2.256728010252118111e-03
3.098157467320561409e-03
4.706332925707101822e-03
5.359568633139133453e-03
5.483193323016166687e-03
3.467992180958390236e-03
4.538236185908317566e-03
3.231086069718003273e-03
3.596541704609990120e-03
2.767303725704550743e-03
3.521638223901391029e-03
2.651376649737358093e-03
4.364218097180128098e-03
2.407803898677229881e-03
4.118440672755241394e-03
3.276603994891047478e-03
4.386477172374725342e-03
2.824429888278245926e-03
1.825878745876252651e-03
1.956929918378591537e-03
3.696974832564592361e-03
4.002022556960582733e-03
8.006759919226169586e-03
3.303849371150135994e-03
3.157364903017878532e-03
5.945623852312564850e-03
8.291428908705711365e-03
3.037927439436316490e-03
5.361220799386501312e-03
2.916259923949837685e-03
6.072880700230598450e-03
7.829106412827968597e-03
4.480108618736267090e-03
3.904030192643404007e-03
4.781667608767747879e-03
2.232005819678306580e-03
2.198449801653623581e-03
5.768497474491596222e-03
3.860373282805085182e-03
2.899729181081056595e-03
3.563469508662819862e-03
5.069012753665447235e-03
2.683330094441771507e-03
5.449987482279539108e-03
3.531249472871422768e-03
1.313789468258619308e-02
3.115247003734111786e-03
4.643786232918500900e-03
3.955641761422157288e-03
2.561333123594522476e-03
3.429790493100881577e-03
5.576348863542079926e-03
5.039330106228590012e-03
3.464996581897139549e-03
2.378057222813367844e-03
2.997781150043010712e-03
2.765378681942820549e-03
5.294623784720897675e-03
3.900465788319706917e-03
4.580700770020484924e-03
2.900330349802970886e-03
4.736283794045448303e-03
4.466913640499114990e-03
6.972498726099729538e-03
2.725025406107306480e-03
5.303385201841592789e-03
2.368564018979668617e-03
5.378857254981994629e-03
2.658515470102429390e-03
4.626691807061433792e-03
2.141771372407674789e-03
3.226145636290311813e-03
4.274955485016107559e-03
6.360115483403205872e-03
5.787027068436145782e-03
3.481746418401598930e-03
2.587635302916169167e-03
5.412727128714323044e-03
1.300487201660871506e-02
3.269309177994728088e-03
3.530855057761073112e-03
2.867427887395024300e-03
2.684199484065175056e-03
2.334691351279616356e-03
2.164396224543452263e-03
2.791074337437748909e-03
1.060083881020545959e-02
5.003690719604492188e-03
3.407435491681098938e-03
3.189085051417350769e-03
3.414027392864227295e-03
6.006040144711732864e-03
4.414033144712448120e-03
3.411466721445322037e-03
3.461793763563036919e-03
2.580625470727682114e-03
3.994631581008434296e-03
2.783594885841012001e-03
2.531630452722311020e-03
2.538385335355997086e-03
7.179939188063144684e-03
3.797458251938223839e-03
2.896375488489866257e-03
3.316320013254880905e-03
6.979224737733602524e-03
4.853655584156513214e-03
3.459403058513998985e-03
3.579284297302365303e-03
6.411823444068431854e-03
2.127265557646751404e-03
3.831630572676658630e-03
3.998917061835527420e-03
2.026192145422101021e-03
3.845681436359882355e-03
5.241112317889928818e-03
6.583087146282196045e-03
3.285655286163091660e-03
4.217030480504035950e-03
4.500032402575016022e-03
2.210496924817562103e-03
7.997050881385803223e-03
2.798779867589473724e-03
3.838071133941411972e-03
3.659742418676614761e-03
3.483432345092296600e-03
2.859189640730619431e-03
2.908499212935566902e-03
2.324440050870180130e-03
2.017333870753645897e-03
4.130713641643524170e-03
4.706747364252805710e-03
2.374945208430290222e-03
2.333119977265596390e-03
2.189865335822105408e-03
1.814220217056572437e-03
1.975191291421651840e-03
2.524970564991235733e-03
3.817128250375390053e-03
1.519478624686598778e-03
3.273002104833722115e-03
3.054652363061904907e-03
2.694064285606145859e-03
4.074478521943092346e-03
6.790651939809322357e-03
4.669671412557363510e-03
8.866766467690467834e-03
3.614525077864527702e-03
3.943197429180145264e-03
5.710689816623926163e-03
5.952307954430580139e-03
6.303954869508743286e-03
3.026361111551523209e-03
2.772360108792781830e-03
3.430118318647146225e-03
5.299523472785949707e-03
3.884780919179320335e-03
2.886190079152584076e-03
7.488203234970569611e-03
3.278084332123398781e-03
3.074086038395762444e-03
2.520422218367457390e-03
3.106357995420694351e-03
3.224091138690710068e-03
2.659372519701719284e-03
2.772631356492638588e-03
2.873599296435713768e-03
3.062892006710171700e-03
4.519398789852857590e-03
5.160880740731954575e-03
2.657301025465130806e-03
2.189228078350424767e-03
4.676379263401031494e-03
2.736885333433747292e-03
6.617523264139890671e-03
2.369265072047710419e-03
3.609760198742151260e-03
2.029039664193987846e-03
6.358123384416103363e-03
2.761919051408767700e-03
3.499726997688412666e-03
3.895333269611001015e-03
4.257075954228639603e-03
2.896619727835059166e-03
3.272053785622119904e-03
3.455490339547395706e-03
2.542290603742003441e-03
4.220027010887861252e-03
2.222943818196654320e-03
2.908146707341074944e-03
2.347822999581694603e-03
5.516828503459692001e-03
2.170007908716797829e-03
2.968621673062443733e-03
2.431784989312291145e-03
2.755306428298354149e-03
2.561074215918779373e-03
2.882620785385370255e-03
2.418467309325933456e-03
5.969515070319175720e-03
2.177874790504574776e-03
3.155201207846403122e-03
3.406885312870144844e-03
2.943263156339526176e-03
7.912664674222469330e-03
3.451536409556865692e-03
3.406830132007598877e-03
2.388365333899855614e-03
2.309409668669104576e-03
1.865724450908601284e-03
3.143745008856058121e-03
3.834065748378634453e-03
3.911754116415977478e-03
3.100392641499638557e-03
4.793992731720209122e-03
4.059130791574716568e-03
2.553588245064020157e-03
4.557521082460880280e-03
5.380240734666585922e-03
2.894948935136198997e-03
6.133315153419971466e-03
4.099263809621334076e-03
2.130454173311591148e-03
3.049325430765748024e-03
4.437266848981380463e-03
2.835636027157306671e-03
4.940551705658435822e-03
1.786034437827765942e-03
2.414302434772253036e-03
2.658883342519402504e-03
2.063784981146454811e-03
2.431578235700726509e-03
2.024287125095725060e-03
5.194642115384340286e-03
3.784836502745747566e-03
3.349572652950882912e-03
2.056757220998406410e-03
2.747561316937208176e-03
7.554950658231973648e-03
2.121728844940662384e-03
3.040439216420054436e-03
4.737148992717266083e-03
1.934915781021118164e-03
3.239427227526903152e-03
1.975103979930281639e-03
3.272274276241660118e-03
3.405650146305561066e-03
4.167185164988040924e-03
4.124927800148725510e-03
2.662237500771880150e-03
3.135323990136384964e-03
2.627373207360506058e-03
8.155699819326400757e-03
5.086512770503759384e-03
3.020335687324404716e-03
5.878315772861242294e-03
5.994053557515144348e-03
3.307764418423175812e-03
3.044700715690851212e-03
1.959101064130663872e-03
2.292537363246083260e-03
2.561378525570034981e-03
3.613773966208100319e-03
3.351765684783458710e-03
2.583486493676900864e-03
2.786566503345966339e-03
2.843103371560573578e-03
2.721272641792893410e-03
3.697128966450691223e-03
2.799595007672905922e-03
3.841928904876112938e-03
2.184743527323007584e-03
3.512328490614891052e-03
2.265614690259099007e-03
3.481949912384152412e-03
3.121115034446120262e-03
2.796277171000838280e-03
3.708302509039640427e-03
3.214519470930099487e-03
7.485484238713979721e-03
4.937579855322837830e-03
3.002941375598311424e-03
3.422588575631380081e-03
4.431759938597679138e-03
6.287713535130023956e-03
5.031100939959287643e-03
3.230934496968984604e-03
2.427711850032210350e-03
3.629833692684769630e-03
7.971960119903087616e-03
5.340686533600091934e-03
2.835591090843081474e-03
2.624206012114882469e-03
2.734069712460041046e-03
2.795473206788301468e-03
1.814773189835250378e-03
2.162719378247857094e-03
2.097917022183537483e-03
4.736297298222780228e-03
3.639246569946408272e-03
4.786786623299121857e-03
2.924587111920118332e-03
6.874656770378351212e-03
2.371086739003658295e-03
4.480835516005754471e-03
2.822810551151633263e-03
5.121032707393169403e-03
4.259109962731599808e-03
4.525203723460435867e-03
3.520377445966005325e-03
2.691551344469189644e-03
3.859195858240127563e-03
3.102388000115752220e-03
9.580253623425960541e-03
2.065478358417749405e-03
3.469204530119895935e-03
2.797411987558007240e-03
3.074657171964645386e-03
6.008767988532781601e-03
3.053081221878528595e-03
4.021119326353073120e-03
2.684698672965168953e-03
5.363892298191785812e-03
4.378718324005603790e-03
3.046344965696334839e-03
7.296811789274215698e-03
1.525329309515655041e-03
3.901438554748892784e-03
2.085165353491902351e-03
3.208493813872337341e-03
2.550529083237051964e-03
2.596560632809996605e-03
3.724633017554879189e-03
3.473981050774455070e-03
4.408878739923238754e-03
1.839315635152161121e-03
1.774529460817575455e-03
1.856447895988821983e-03
2.634866395965218544e-03
2.588961040601134300e-03
2.950824564322829247e-03
2.704804530367255211e-03
4.777142312377691269e-03
3.311972599476575851e-03
3.165580797940492630e-03
2.207999583333730698e-03
3.240205347537994385e-03
3.492377232760190964e-03
3.615747904404997826e-03
5.880389362573623657e-03
3.304203273728489876e-03
3.838756354525685310e-03
3.836552845314145088e-03
3.322436241433024406e-03
3.738677361980080605e-03
2.724578604102134705e-03
3.295375732704997063e-03
2.360734390094876289e-03
8.061824366450309753e-03
3.422555513679981232e-03
2.556908177211880684e-03
2.502163173630833626e-03
5.017045885324478149e-03
2.157685812562704086e-03
3.009269246831536293e-03
2.435894450172781944e-03
3.162705339491367340e-03
3.961822949349880219e-03
3.497814061120152473e-03
3.124463371932506561e-03
2.303102286532521248e-03
3.430605400353670120e-03
4.244401119649410248e-03
1.805039355531334877e-03
1.951819518581032753e-03
3.635352244600653648e-03
3.055854933336377144e-03
2.844287315383553505e-03
3.872002940624952316e-03
2.883537672460079193e-03
2.353525953367352486e-03
5.447139032185077667e-03
1.300970092415809631e-02
2.488870406523346901e-03
2.769482554867863655e-03
4.433386493474245071e-03
3.542019752785563469e-03
1.983838621526956558e-03
3.984896000474691391e-03
2.714518224820494652e-03
2.563872840255498886e-03
4.504449665546417236e-03
2.749069593846797943e-03
2.013539196923375130e-03
5.104429088532924652e-03
8.232913911342620850e-03
2.304896945133805275e-03
2.093377988785505295e-03
3.754096571356058121e-03
1.772565999999642372e-03
4.825854673981666565e-03
1.984068658202886581e-03
5.627444013953208923e-03
3.069073427468538284e-03
2.776456996798515320e-03
2.570881042629480362e-03
4.666211549192667007e-03
1.883202116005122662e-03
2.513428218662738800e-03
1.588781829923391342e-03
2.086304826661944389e-03
2.478771843016147614e-03
2.964303363114595413e-03
1.495546195656061172e-03
6.074432283639907837e-03
3.751126583665609360e-03
2.293581375852227211e-03
2.586985938251018524e-03
2.835935913026332855e-03
3.650991246104240417e-03
1.638179295696318150e-03
3.077051602303981781e-03
3.084299853071570396e-03
4.920188803225755692e-03
2.645945874974131584e-03
8.369754068553447723e-03
3.847176209092140198e-03
2.750842599198222160e-03
3.213282907381653786e-03
2.016828628256917000e-03
3.057139227166771889e-03
3.348652739077806473e-03
2.537008607760071754e-03
4.709906876087188721e-03
2.247516065835952759e-03
3.693923586979508400e-03
1.639734953641891479e-03
6.026217713952064514e-03
3.352331230416893959e-03
2.470564097166061401e-03
2.255321480333805084e-03
1.520994119346141815e-03
2.281096763908863068e-03
3.349247388541698456e-03
2.349440241232514381e-03
4.064893350005149841e-03
2.007222967222332954e-03
7.597899530082941055e-03
4.748768173158168793e-03
2.433120738714933395e-03
3.895306261256337166e-03
4.329583607614040375e-03
3.933814819902181625e-03
2.465966623276472092e-03
2.291721291840076447e-03
3.071117214858531952e-03
2.728540915995836258e-03
2.494880463927984238e-03
3.571016946807503700e-03
4.916788078844547272e-03
4.236916545778512955e-03
2.699883189052343369e-03
5.020628217607736588e-03
5.094381049275398254e-03
3.739757230505347252e-03
4.980761557817459106e-03
3.053095657378435135e-03
2.875276608392596245e-03
3.081527072936296463e-03
2.485321834683418274e-03
2.463850891217589378e-03
2.462173346430063248e-03
3.661207156255841255e-03
4.715214017778635025e-03
2.607424510642886162e-03
6.026598624885082245e-03
2.629630966112017632e-03
3.600244177505373955e-03
2.506173681467771530e-03
2.236908301711082458e-03
4.416627809405326843e-03
2.817508066073060036e-03
2.786464057862758636e-03
2.340224571526050568e-03
7.098338101059198380e-03
2.945493906736373901e-03
4.583847709000110626e-03
2.705489518120884895e-03
2.542168600484728813e-03
3.866260638460516930e-03
3.149279393255710602e-03
2.107782289385795593e-03
2.086120424792170525e-03
3.252653405070304871e-03
3.927996847778558731e-03
1.232570502907037735e-02
2.578082494437694550e-03
3.959298133850097656e-03
3.495003329589962959e-03
2.597908955067396164e-03
2.814735751599073410e-03
4.010405391454696655e-03
2.475549234077334404e-03
8.345623500645160675e-03
2.349074231460690498e-03
1.577406190335750580e-03
2.204432850703597069e-03
4.309164825826883316e-03
2.366525586694478989e-03
3.335701301693916321e-03
6.251834332942962646e-03
3.127026371657848358e-03
6.818671710789203644e-03
6.231866776943206787e-03
3.610819578170776367e-03
3.584528341889381409e-03
2.174173016101121902e-03
4.445597995072603226e-03
3.262146608904004097e-03
3.807941917330026627e-03
3.792662173509597778e-03
2.436313312500715256e-03
3.177712205797433853e-03
3.382987109944224358e-03
2.686695894226431847e-03
2.000872045755386353e-03
4.097066819667816162e-03
3.340623108670115471e-03
5.208459217101335526e-03
3.750972216948866844e-03
2.554293489083647728e-03
4.249089863151311874e-03
2.935252618044614792e-03
4.111072979867458344e-03
1.556085189804434776e-03
2.755670342594385147e-03
4.554441664367914200e-03
4.118307027965784073e-03
1.947252778336405754e-03
2.238220302388072014e-03
4.143131896853446960e-03
3.321220865473151207e-03
2.054400974884629250e-03
3.602488432079553604e-03
2.355071716010570526e-03
2.693735761567950249e-03
8.307349868118762970e-03
4.191662650555372238e-03
4.652074538171291351e-03
4.496378358453512192e-03
8.209595456719398499e-03
2.374127041548490524e-03
2.265312941744923592e-03
2.903266111388802528e-03
2.037615282461047173e-03
2.640261547639966011e-03
1.695486134849488735e-03
2.875191159546375275e-03
2.998896175995469093e-03
1.983945956453680992e-03
2.414162969216704369e-03
1.905884710140526295e-03
2.014360856264829636e-03
2.428326988592743874e-03
1.747091533616185188e-03
2.514416584745049477e-03
1.714800018817186356e-03
1.581829972565174103e-03
2.262513851746916771e-03
2.023052889853715897e-03
2.918356563895940781e-03
2.540353685617446899e-03
2.104799961671233177e-03
1.981575973331928253e-03
2.716149669140577316e-03
2.218046458438038826e-03
3.029319923371076584e-03
1.731046242639422417e-03
2.306633396074175835e-03
3.308040322735905647e-03
2.238724846392869949e-03
3.711978904902935028e-03
1.714019221253693104e-03
5.194997414946556091e-03
2.596054458990693092e-03
2.396287862211465836e-03
2.396224299445748329e-03
3.596367081627249718e-03
2.525682793930172920e-03
4.630735609680414200e-03
3.983122762292623520e-03
2.761711832135915756e-03
4.452275112271308899e-03
2.594718243926763535e-03
2.431259490549564362e-03
4.185709170997142792e-03
2.350854687392711639e-03
2.744593890383839607e-03
2.266975119709968567e-03
1.700363587588071823e-03
5.143355578184127808e-03
2.009448129683732986e-03
2.240591216832399368e-03
2.253026701509952545e-03
4.804207012057304382e-03
3.522573504596948624e-03
1.899728784337639809e-03
3.958828747272491455e-03
2.191342180594801903e-03
3.120767883956432343e-03
2.548054559156298637e-03
2.459879731759428978e-03
4.895504098385572433e-03
1.781140337698161602e-03
2.575179561972618103e-03
2.821952337399125099e-03
3.053608350455760956e-03
2.112381625920534134e-03
2.244553295895457268e-03
2.772171515971422195e-03
2.855324884876608849e-03
2.812385093420743942e-03
2.592606702819466591e-03
3.623762633651494980e-03
4.934170749038457870e-03
2.284363610669970512e-03
5.985262338072061539e-03
2.956373384222388268e-03
2.077694982290267944e-03
3.098152810707688332e-03
3.065061522647738457e-03
4.441027063876390457e-03
2.422655466943979263e-03
2.263383474200963974e-03
1.070022862404584885e-02
3.671062411740422249e-03
3.694548970088362694e-03
2.359419595450162888e-03
2.125445753335952759e-03
2.425682265311479568e-03
4.375247750431299210e-03
2.286659786477684975e-03
2.181253628805279732e-03
3.314236877486109734e-03
2.305478788912296295e-03
1.555374474264681339e-03
3.520214464515447617e-03
1.037846878170967102e-02
2.524121897295117378e-03
3.377639921382069588e-03
1.756524085067212582e-03
2.319227438420057297e-03
4.324382636696100235e-03
2.852212637662887573e-03
3.646792378276586533e-03
2.983333775773644447e-03
4.230155609548091888e-03
4.733095411211252213e-03
1.432930957525968552e-02
3.081000177189707756e-03
4.437682218849658966e-03
3.106974298134446144e-03
3.451073775067925453e-03
4.213115666061639786e-03
1.082763634622097015e-02
2.769550308585166931e-03
2.704386832192540169e-03
3.246178384870290756e-03
4.748843610286712646e-03
2.970466855913400650e-03
2.192614832893013954e-03
2.235139021649956703e-03
2.535276580601930618e-03
1.847259583882987499e-03
3.448925213888287544e-03
2.016446553170681000e-03
1.997085288166999817e-03
5.676143802702426910e-03
2.241414505988359451e-03
2.294551581144332886e-03
2.428930718451738358e-03
2.966799540445208549e-03
2.437833696603775024e-03
3.067117650061845779e-03
2.151422668248414993e-03
4.427024163305759430e-03
4.632153082638978958e-03
3.630340797826647758e-03
3.459470346570014954e-03
4.399885889142751694e-03
2.822101349011063576e-03
2.053834497928619385e-03
3.089686855673789978e-03
3.253306727856397629e-03
2.217826200649142265e-03
3.143836278468370438e-03
2.761668525636196136e-03
2.429804997518658638e-03
1.798024284653365612e-03
2.770916093140840530e-03
1.883844495750963688e-03
2.510662889108061790e-03
3.316938178613781929e-03
4.001180641353130341e-03
3.138252301141619682e-03
6.184031255543231964e-03
2.432342385873198509e-03
1.985216513276100159e-03
1.305672107264399529e-03
2.906712237745523453e-03
2.647224115207791328e-03
1.848480664193630219e-03
3.475080942735075951e-03
2.184018027037382126e-03
2.471272600814700127e-03
3.326456760987639427e-03
1.828104956075549126e-03
3.755546640604734421e-03
2.362366765737533569e-03
2.598608843982219696e-03
5.990958772599697113e-03
3.147139912471175194e-03
7.087832782417535782e-03
3.364597447216510773e-03
2.054184209555387497e-03
5.035332404077053070e-03
2.283194568008184433e-03
2.769174985587596893e-03
3.471244126558303833e-03
3.579800250008702278e-03
4.035935737192630768e-03
2.646064618602395058e-03
3.821262856945395470e-03
3.444726346060633659e-03
4.026270471513271332e-03
5.561913363635540009e-03
5.478417966514825821e-03
3.904350567609071732e-03
1.756590208970010281e-03
3.058959962800145149e-03
1.998986117541790009e-03
3.410730278119444847e-03
2.832661615684628487e-03
2.034497912973165512e-03
2.920306520536541939e-03
3.132519545033574104e-03
5.446213297545909882e-03
5.899621173739433289e-03
2.922539599239826202e-03
4.602807573974132538e-03
2.154675545170903206e-03
3.305512247607111931e-03
3.139303997159004211e-03
3.665334777906537056e-03
1.574085094034671783e-03
2.453727647662162781e-03
1.836209674365818501e-03
3.400538116693496704e-03
2.548840828239917755e-03
2.815953688696026802e-03
4.860222339630126953e-03
2.221110742539167404e-03
2.876305719837546349e-03
1.991680357605218887e-03
1.731088152155280113e-03
4.334490746259689331e-03
2.684816019609570503e-03
2.743280492722988129e-03
1.897824928164482117e-03
1.502919592894613743e-03
1.901006675325334072e-03
4.373712930828332901e-03
5.596995819360017776e-03
1.773373573087155819e-03
2.758031710982322693e-03
3.102841787040233612e-03
4.154378548264503479e-03
1.612438703887164593e-03
2.024184912443161011e-03
2.363366307690739632e-03
1.949085853993892670e-03
5.372559651732444763e-03
2.266912255436182022e-03
6.244239397346973419e-03
2.577072242274880409e-03
4.097948316484689713e-03
3.730140626430511475e-03
6.434842478483915329e-03
2.563494257628917694e-03
2.687347820028662682e-03
2.235364168882369995e-03
2.333290409296751022e-03
1.549018430523574352e-03
1.901143579743802547e-03
2.268451265990734100e-03
6.621550302952528000e-03
1.431254553608596325e-03
2.473623491823673248e-03
2.033966826274991035e-03
2.520956331863999367e-03
4.408152308315038681e-03
1.836155657656490803e-03
3.931359387934207916e-03
1.533145899884402752e-03
2.366794506087899208e-03
4.648664500564336777e-03
2.401023637503385544e-03
3.173559205606579781e-03
2.013663062825798988e-03
3.010927466675639153e-03
2.251017140224575996e-03
1.860537216998636723e-03
2.563800662755966187e-03
1.565502956509590149e-03
2.600305480882525444e-03
2.401226200163364410e-03
3.559961449354887009e-03
2.141961129382252693e-03
4.992468748241662979e-03
2.163865370675921440e-03
3.076690947636961937e-03
3.683803137391805649e-03
2.417711308225989342e-03
2.214582636952400208e-03
2.353158313781023026e-03
3.461828920990228653e-03
3.457067068666219711e-03
2.971033332869410515e-03
2.040838589891791344e-03
1.368841156363487244e-03
1.943561481311917305e-03
2.276995452120900154e-03
4.493783228099346161e-03
2.964967628940939903e-03
2.157406881451606750e-03
2.508940408006310463e-03
2.429250394925475121e-03
2.480497118085622787e-03
5.661576986312866211e-03
2.590764081105589867e-03
2.873817225918173790e-03
2.007856033742427826e-03
2.646728884428739548e-03
1.749632763676345348e-03
3.598965704441070557e-03
2.082029124721884727e-03
2.509344369173049927e-03
1.832415931858122349e-03
2.300022402778267860e-03
4.354364238679409027e-03
3.056499641388654709e-03
6.497125141322612762e-03
3.787542926147580147e-03
4.394608549773693085e-03
2.873467747122049332e-03
2.472496824339032173e-03
2.485614968463778496e-03
3.183092921972274780e-03
3.044598503038287163e-03
1.647030585445463657e-03
1.409964170306921005e-03
2.595599973574280739e-03
2.374511677771806717e-03
2.555356593802571297e-03
3.496502060443162918e-03
2.024982124567031860e-03
2.670106012374162674e-03
3.393935738131403923e-03
3.082630690187215805e-03
1.748287235386669636e-03
2.541251014918088913e-03
1.662702183239161968e-03
3.918220289051532745e-03
6.955880206078290939e-03
2.162618795409798622e-03
2.222375944256782532e-03
2.286409027874469757e-03
2.085387241095304489e-03
4.188489168882369995e-03
2.220976632088422775e-03
2.560269786044955254e-03
2.348495647311210632e-03
1.390011515468358994e-03
1.876047579571604729e-03
2.470697276294231415e-03
2.789180958643555641e-03
1.449899398721754551e-03
3.417909843847155571e-03
2.465655328705906868e-03
1.866147969849407673e-03
3.137063235044479370e-03
2.696369076147675514e-03
2.786108991131186485e-03
2.731985878199338913e-03
1.876482740044593811e-03
3.894506022334098816e-03
4.653104580938816071e-03
2.551938639953732491e-03
2.659083809703588486e-03
2.600935986265540123e-03
2.370263217017054558e-03
3.494622651487588882e-03
3.021620679646730423e-03
2.181241055950522423e-03
2.725097583606839180e-03
2.177842659875750542e-03
3.541031386703252792e-03
2.288625575602054596e-03
2.259867265820503235e-03
9.161716327071189880e-03
2.140769502148032188e-03
3.377420594915747643e-03
2.192300511524081230e-03
2.006591297686100006e-03
3.760705469176173210e-03
1.687615178525447845e-03
3.769104136154055595e-03
2.571814227849245071e-03
2.161269774660468102e-03
3.764166031032800674e-03
1.989149721339344978e-03
5.549046676605939865e-03
3.487632609903812408e-03
1.857542549259960651e-03
4.093608818948268890e-03
3.110312856733798981e-03
2.595950150862336159e-03
4.097898490726947784e-03
3.068751655519008636e-03
1.921352348290383816e-03
1.911269850097596645e-03
1.955661457031965256e-03
2.251906087622046471e-03
2.506060525774955750e-03
2.873370656743645668e-03
3.852031892165541649e-03
1.679830136708915234e-03
2.178552094846963882e-03
2.609239891171455383e-03
1.566669438034296036e-03
1.989632146432995796e-03
4.808548372238874435e-03
1.352853840216994286e-03
1.311038155108690262e-03
2.996010938659310341e-03
7.327880244702100754e-03
2.602764638140797615e-03
2.386240987107157707e-03
3.697232110425829887e-03
2.394961193203926086e-03
3.687116550281643867e-03
3.678067121654748917e-03
2.615517470985651016e-03
2.514237305149435997e-03
2.710904693230986595e-03
2.918472047895193100e-03
2.347671426832675934e-03
2.211880637332797050e-03
5.252565257251262665e-03
2.295354381203651428e-03
3.661591792479157448e-03
4.155525006353855133e-03
3.329737577587366104e-03
3.869212931022047997e-03
5.636860150843858719e-03
2.240590984001755714e-03
2.930213697254657745e-03
1.834251102991402149e-03
2.820110414177179337e-03
2.895620651543140411e-03
2.353520132601261139e-03
3.698682412505149841e-03
2.520977519452571869e-03
1.856070477515459061e-03
2.883422886952757835e-03
2.223063027486205101e-03
2.127286978065967560e-03
3.785844426602125168e-03
3.323831828311085701e-03
1.739098923280835152e-03
1.975723076611757278e-03
2.564834197983145714e-03
3.274740185588598251e-03
1.537691219709813595e-03
3.846473526209592819e-03
3.193889511749148369e-03
3.013404784724116325e-03
2.416809555143117905e-03
4.257410299032926559e-03
2.851387718692421913e-03
3.615176538005471230e-03
4.192132502794265747e-03
2.205338561907410622e-03
2.202648436650633812e-03
3.525248263031244278e-03
2.069234149530529976e-03
2.153150970116257668e-03
1.855395035818219185e-03
5.042176693677902222e-03
3.250573761761188507e-03
2.171013038605451584e-03
3.013188950717449188e-03
4.917907062917947769e-03
2.425416372716426849e-03
2.302446169778704643e-03
1.876401132903993130e-03
1.910141785629093647e-03
2.185984514653682709e-03
3.198094898834824562e-03
2.569321542978286743e-03
4.207788035273551941e-03
2.214783336967229843e-03
2.017376944422721863e-03
1.864823396317660809e-03
2.615617355331778526e-03
2.568960422649979591e-03
2.871142700314521790e-03
2.694133901968598366e-03
2.439439063891768456e-03
2.513790270313620567e-03
2.725976053625345230e-03
2.241948852315545082e-03
2.706337952986359596e-03
2.084397710859775543e-03
1.379692461341619492e-03
2.838814165443181992e-03
1.673848484642803669e-03
2.350133843719959259e-03
2.302204025909304619e-03
6.183587480336427689e-03
2.445056336000561714e-03
2.515832893550395966e-03
1.858688658103346825e-03
2.095842733979225159e-03
2.611544914543628693e-03
2.765891840681433678e-03
4.116863943636417389e-03
3.040457610040903091e-03
2.283133566379547119e-03
1.819731085561215878e-03
2.776498207822442055e-03
1.924154581502079964e-03
4.548184107989072800e-03
2.478313632309436798e-03
1.844771672040224075e-03
1.597795751877129078e-03
2.767061814665794373e-03
2.015860285609960556e-03
2.219899324700236320e-03
3.033447312191128731e-03
3.271934110671281815e-03
2.768066013231873512e-03
1.734701800160109997e-03
6.384943611919879913e-03
1.682781032286584377e-03
2.842501504346728325e-03
2.300156047567725182e-03
2.236855681985616684e-03
3.132879035547375679e-03
2.949355868622660637e-03
3.564964281395077705e-03
1.865352154709398746e-03
2.069850685074925423e-03
5.269970744848251343e-03
2.707027131691575050e-03
2.346219029277563095e-03
3.618045477196574211e-03
1.683542854152619839e-03
2.306685550138354301e-03
2.336857141926884651e-03
4.051566123962402344e-03
1.236855867318809032e-03
3.092338098213076591e-03
2.466212492436170578e-03
2.760615199804306030e-03
2.367419889196753502e-03
1.954869134351611137e-03
3.549892921000719070e-03
4.550775978714227676e-03
3.417636500671505928e-03
3.428404917940497398e-03
2.574531128630042076e-03
3.098640125244855881e-03
2.155829919502139091e-03
1.734983641654253006e-03
2.019967883825302124e-03
4.099516198039054871e-03
3.180920379236340523e-03
1.579776639118790627e-03
1.940881134942173958e-03
2.929357811808586121e-03
2.384977415204048157e-03
1.892882864922285080e-03
2.427415689453482628e-03
3.565568011254072189e-03
1.853529596701264381e-03
1.947906450368463993e-03
3.010651329532265663e-03
1.497854012995958328e-03
1.523998333141207695e-03
2.623381093144416809e-03
3.341371426358819008e-03
2.299097133800387383e-03
2.052382100373506546e-03
2.059351187199354172e-03
1.683271606452763081e-03
2.720001619309186935e-03
3.321983153000473976e-03
1.664589042775332928e-03
2.164690289646387100e-03
2.673178212717175484e-03
4.241283517330884933e-03
1.863396260887384415e-03
2.747500548139214516e-03
1.608259510248899460e-03
2.264155540615320206e-03
1.984916860237717628e-03
3.268756670877337456e-03
2.118661766871809959e-03
3.838828299194574356e-03
2.467450220137834549e-03
3.138103522360324860e-03
1.755063538439571857e-03
1.780371763743460178e-03
2.418124349787831306e-03
2.566014649346470833e-03
2.399380318820476532e-03
1.414839760400354862e-03
1.706298673525452614e-03
3.512341296300292015e-03
2.530249068513512611e-03
2.898675389587879181e-03
3.105458337813615799e-03
2.137946197763085365e-03
2.927861642092466354e-03
2.987490966916084290e-03
2.392504829913377762e-03
3.899055533111095428e-03
2.090776572003960609e-03
3.085379954427480698e-03
5.753043107688426971e-03
2.745548263192176819e-03
3.894835943356156349e-03
1.592182670719921589e-03
2.929095411673188210e-03
3.140859538689255714e-03
2.423640573397278786e-03
4.581403918564319611e-03
2.561223926022648811e-03
1.976839499548077583e-03
3.324563615024089813e-03
2.097037388011813164e-03
2.305215457454323769e-03
2.974872011691331863e-03
1.627602963708341122e-03
3.117129905149340630e-03
1.896625384688377380e-03
1.471803057938814163e-03
3.891582600772380829e-03
2.159964060410857201e-03
2.796389395371079445e-03
2.152446424588561058e-03
3.065623808652162552e-03
2.218820387497544289e-03
2.250938210636377335e-03
1.891891122795641422e-03
2.295232843607664108e-03
1.480999868363142014e-03
2.059066202491521835e-03
1.589121762663125992e-03
1.678659347817301750e-03
2.289485884830355644e-03
3.584552789106965065e-03
3.566467203199863434e-03
1.710742595605552197e-03
2.184625947847962379e-03
1.209929119795560837e-03
1.993163721635937691e-03
1.699920743703842163e-03
2.564777620136737823e-03
4.134658724069595337e-03
3.138533560559153557e-03
3.727717092260718346e-03
2.076615579426288605e-03
2.003697212785482407e-03
1.588123501278460026e-03
2.621004590764641762e-03
2.443592296913266182e-03
9.433211758732795715e-03
1.798808225430548191e-03
1.942780916579067707e-03
2.280505839735269547e-03
2.029935596510767937e-03
4.174320958554744720e-03
2.734983572736382484e-03
4.333002958446741104e-03
2.016962971538305283e-03
1.344306860119104385e-03
2.340904902666807175e-03
1.717272214591503143e-03
1.956523861736059189e-03
2.565816277638077736e-03
2.748787635937333107e-03
2.740732161328196526e-03
3.783267689868807793e-03
1.689628115855157375e-03
1.836753333918750286e-03
3.425110131502151489e-03
8.012537844479084015e-03
2.095306525006890297e-03
2.048825612291693687e-03
1.960248220711946487e-03
2.174263587221503258e-03
1.970213372260332108e-03
2.994297537952661514e-03
1.761713996529579163e-03
2.404547296464443207e-03
1.915226224809885025e-03
2.639127895236015320e-03
2.521445276215672493e-03
1.901636831462383270e-03
2.142553217709064484e-03
2.711799694225192070e-03
4.508926533162593842e-03
2.082874299958348274e-03
1.707143848761916161e-03
2.144496422260999680e-03
1.076551387086510658e-03
2.451052889227867126e-03
1.716267433948814869e-03
2.110278233885765076e-03
1.950111472979187965e-03
3.576359944418072701e-03
3.716158913448452950e-03
2.818237291648983955e-03
2.519462257623672485e-03
1.823142287321388721e-03
2.982761245220899582e-03
2.465259982272982597e-03
2.847507130354642868e-03
1.732894103042781353e-03
3.261704929172992706e-03
1.927127595990896225e-03
1.590843778103590012e-03
6.592030636966228485e-03
2.278834814205765724e-03
1.532805967144668102e-03
3.069066209718585014e-03
1.657611690461635590e-03
2.872101031243801117e-03
1.809805049560964108e-03
1.569637446664273739e-03
2.472453285008668900e-03
1.984485657885670662e-03
1.728729694150388241e-03
2.102431375533342361e-03
1.558088231831789017e-03
2.050872193649411201e-03
1.700867433100938797e-03
1.542230835184454918e-03
3.208143403753638268e-03
1.724519417621195316e-03
1.273052301257848740e-03
1.661289832554757595e-03
1.670949743129312992e-03
1.719925901852548122e-03
3.332957159727811813e-03
1.978273736312985420e-03
3.598662558943033218e-03
1.368902623653411865e-03
2.203986747190356255e-03
2.706574508920311928e-03
3.386324038729071617e-03
2.193137770518660545e-03
2.017504069954156876e-03
1.801198814064264297e-03
2.142667071893811226e-03
3.128481330350041389e-03
1.944986288435757160e-03
2.000546781346201897e-03
2.001056447625160217e-03
1.895937137305736542e-03
1.582413562573492527e-03
1.801527454517781734e-03
1.507732900790870190e-03
2.494625281542539597e-03
2.294664736837148666e-03
2.162808319553732872e-03
2.258146647363901138e-03
3.032254520803689957e-03
1.606033882126212120e-03
1.519673038274049759e-03
1.759466947987675667e-03
4.682179540395736694e-03
6.741560064256191254e-03
2.131772227585315704e-03
1.847871462814509869e-03
2.107528736814856529e-03
2.726404462009668350e-03
1.982061425223946571e-03
2.931317081674933434e-03
1.494287280365824699e-03
2.226676326245069504e-03
2.513560699298977852e-03
2.794903703033924103e-03
5.343689583241939545e-03
2.169268904253840446e-03
2.137369010597467422e-03
2.387800021097064018e-03
1.711141900159418583e-03
1.959492918103933334e-03
2.515729982405900955e-03
2.622057218104600906e-03
4.082328639924526215e-03
2.508996054530143738e-03
1.798029523342847824e-03
2.449148334562778473e-03
3.917648456990718842e-03
3.176310798153281212e-03
4.557018168270587921e-03
1.482667285017669201e-03
2.808146644383668900e-03
2.594494260847568512e-03
3.722592955455183983e-03
2.533137099817395210e-03
1.847721985541284084e-03
2.804291900247335434e-03
2.091973088681697845e-03
1.958621200174093246e-03
1.903436495922505856e-03
2.439129864796996117e-03
2.156033413484692574e-03
2.315019257366657257e-03
2.913031261414289474e-03
2.411913592368364334e-03
3.804844338446855545e-03
2.189015503972768784e-03
4.055021796375513077e-03
1.725627691484987736e-03
1.651379978284239769e-03
2.895285841077566147e-03
4.007402341812849045e-03
1.936428481712937355e-03
6.781513802707195282e-03
3.395298961549997330e-03
4.863849841058254242e-03
3.307577455416321754e-03
1.299627707339823246e-03
1.479955157265067101e-03
2.256132429465651512e-03
4.144953563809394836e-03
1.652681385166943073e-03
1.278010196983814240e-03
2.841478912159800529e-03
3.124567912891507149e-03
2.142603509128093719e-03
1.826949534006416798e-03
1.172773307189345360e-03
1.996136270463466644e-03
1.914805732667446136e-03
2.404984319582581520e-03
2.005702117457985878e-03
1.287945313379168510e-03
3.457720857113599777e-03
3.607580903917551041e-03
1.610261155292391777e-03
1.655240193940699100e-03
2.382529433816671371e-03
2.913774922490119934e-03
3.766610519960522652e-03
2.883267821744084358e-03
3.050293773412704468e-03
2.473681466653943062e-03
3.080864436924457550e-03
1.777302473783493042e-03
2.643649233505129814e-03
2.219591988250613213e-03
4.224874079227447510e-03
2.239337656646966934e-03
1.193716656416654587e-03
3.960369620472192764e-03
3.059277543798089027e-03
2.352321753278374672e-03
2.166149904951453209e-03
3.686365671455860138e-03
1.507621491327881813e-03
1.537527889013290405e-03
2.476585796102881432e-03
2.322369255125522614e-03
2.397564705461263657e-03
2.246381249278783798e-03
5.804528947919607162e-03
4.029259085655212402e-03
1.809594919905066490e-03
2.885251538828015327e-03
1.958443317562341690e-03
1.897099427878856659e-03
1.369123463518917561e-03
2.893062308430671692e-03
2.203282201662659645e-03
2.294355304911732674e-03
1.881725271232426167e-03
1.696118386462330818e-03
2.122343517839908600e-03
2.631981857120990753e-03
4.861231893301010132e-03
2.156510949134826660e-03
3.965853247791528702e-03
1.977471634745597839e-03
1.809874549508094788e-03
2.087959786877036095e-03
2.011899370700120926e-03
1.321083866059780121e-03
2.667893888428807259e-03
3.078037640079855919e-03
1.565279671922326088e-03
2.175468485802412033e-03
3.673062892630696297e-03
3.495624288916587830e-03
1.965986331924796104e-03
1.672357553616166115e-03
4.201176576316356659e-03
1.999062951654195786e-03
1.771914074197411537e-03
1.937887631356716156e-03
1.727995695546269417e-03
1.322265714406967163e-03
3.028527833521366119e-03
1.786706270650029182e-03
2.162692369893193245e-03
4.197888541966676712e-03
1.378731802105903625e-03
2.524566370993852615e-03
2.017859369516372681e-03
2.238907618448138237e-03
1.913798041641712189e-03
1.697433763183653355e-03
3.234811360016465187e-03
1.974731450900435448e-03
2.394389826804399490e-03
3.237375058233737946e-03
1.307107158936560154e-03
2.584464382380247116e-03
2.320349449291825294e-03
2.302046166732907295e-03
3.791030030697584152e-03
4.024607595056295395e-03
2.562350360676646233e-03
1.742985099554061890e-03
1.516787102445960045e-03
1.999311614781618118e-03
2.628290792927145958e-03
2.098534954711794853e-03
2.667950233444571495e-03
3.150443546473979950e-03
1.339778886176645756e-03
2.122275531291961670e-03
2.512067789211869240e-03
2.203616080805659294e-03
2.423223573714494705e-03
2.529277699068188667e-03
3.378862282261252403e-03
3.087637014687061310e-03
1.645971555262804031e-03
2.393142320215702057e-03
1.811698428355157375e-03
1.846351427957415581e-03
1.412915065884590149e-03
1.731000607833266258e-03
2.209903672337532043e-03
2.205442870035767555e-03
1.911451108753681183e-03
1.652674283832311630e-03
1.464414526708424091e-03
1.385402749292552471e-03
2.006058348342776299e-03
2.322978805750608444e-03
2.450630767270922661e-03
2.340626204386353493e-03
2.307199174538254738e-03
4.488380160182714462e-03
1.440096180886030197e-03
1.812794129364192486e-03
1.592459972016513348e-03
1.882142270915210247e-03
1.751529867760837078e-03
2.393265487626194954e-03
2.542124362662434578e-03
1.805384526960551739e-03
1.521702273748815060e-03
2.598295686766505241e-03
2.058039419353008270e-03
4.047906491905450821e-03
1.947100390680134296e-03
1.922215451486408710e-03
2.951366826891899109e-03
1.356024062260985374e-03
1.506064552813768387e-03
3.675127401947975159e-03
3.737813327461481094e-03
1.549292472191154957e-03
1.534444396384060383e-03
4.683724138885736465e-03
3.765447530895471573e-03
1.471380703151226044e-03
2.616703510284423828e-03
5.086617544293403625e-03
1.911270199343562126e-03
1.840682933107018471e-03
2.290595322847366333e-03
1.602376112714409828e-03
2.197394846007227898e-03
2.683632541447877884e-03
1.617543632164597511e-03
3.762943902984261513e-03
6.781556643545627594e-03
1.707229530438780785e-03
1.626224722713232040e-03
1.220014644786715508e-03
1.551619963720440865e-03
1.684481161646544933e-03
1.874637557193636894e-03
2.204611431807279587e-03
2.309493953362107277e-03
1.896332018077373505e-03
1.274177106097340584e-03
5.316224414855241776e-03
1.737549435347318649e-03
1.917400164529681206e-03
3.256765659898519516e-03
1.407673931680619717e-03
1.946398289874196053e-03
1.807845081202685833e-03
1.988645875826478004e-03
1.808280358090996742e-03
2.007933333516120911e-03
1.397885847836732864e-03
2.462644595652818680e-03
2.016644459217786789e-03
1.620960421860218048e-03
1.998543040826916695e-03
2.245877170935273170e-03
4.613275639712810516e-03
2.782075898721814156e-03
2.488581696525216103e-03
2.455650130286812782e-03
2.551412442699074745e-03
5.356935318559408188e-03
2.412552246823906898e-03
2.206810051575303078e-03
1.765741850249469280e-03
1.358598470687866211e-03
2.007476286962628365e-03
2.754971385002136230e-03
2.387952059507369995e-03
2.493662759661674500e-03
2.097960561513900757e-03
2.522676484659314156e-03
1.960783964022994041e-03
2.677537733688950539e-03
2.768317703157663345e-03
1.476749661378562450e-03
3.466848982498049736e-03
2.299401909112930298e-03
2.426062244921922684e-03
2.872098470106720924e-03
2.289756666868925095e-03
2.873705467209219933e-03
2.918223384767770767e-03
1.884650671854615211e-03
2.658137585967779160e-03
1.710779033601284027e-03
3.367465920746326447e-03
2.021416556090116501e-03
1.828570151701569557e-03
2.003418281674385071e-03
1.929808640852570534e-03
1.549949753098189831e-03
1.524672028608620167e-03
1.712833880446851254e-03
3.293472342193126678e-03
1.497824094258248806e-03
2.273439662531018257e-03
3.123416565358638763e-03
1.712576369754970074e-03
1.910478575155138969e-03
2.126074163243174553e-03
2.285542432218790054e-03
2.176671754568815231e-03
1.467797905206680298e-03
2.378473291173577309e-03
2.001479268074035645e-03
1.503572450019419193e-03
1.919258385896682739e-03
3.574805799871683121e-03
1.552945468574762344e-03
1.342875999398529530e-03
1.410282449796795845e-03
1.798767480067908764e-03
1.835552626289427280e-03
1.720736268907785416e-03
1.942918519489467144e-03
1.695888349786400795e-03
1.628325786441564560e-03
2.384955529123544693e-03
1.892445608973503113e-03
1.624381868168711662e-03
2.401269273832440376e-03
2.185982652008533478e-03
1.693996600806713104e-03
2.006338676437735558e-03
2.508765086531639099e-03
1.677107415162026882e-03
1.678111613728106022e-03
4.006337840110063553e-03
2.969858469441533089e-03
2.062670420855283737e-03
2.742523327469825745e-03
2.013660036027431488e-03
1.998246181756258011e-03
1.361180678941309452e-03
1.313525368459522724e-03
2.460023388266563416e-03
2.348993439227342606e-03
1.793823321349918842e-03
2.603401662781834602e-03
1.320599461905658245e-03
1.355518237687647343e-03
1.887112041004002094e-03
2.129148226231336594e-03
2.130280248820781708e-03
2.555571263656020164e-03
1.910648657940328121e-03
1.723202178254723549e-03
2.369203837588429451e-03
1.907617202959954739e-03
2.597175538539886475e-03
2.493503503501415253e-03
1.553111243993043900e-03
1.344278454780578613e-03
1.598630682565271854e-03
3.056643530726432800e-03
2.310972195118665695e-03
1.740863313898444176e-03
2.712834859266877174e-03
2.367610111832618713e-03
2.007490955293178558e-03
1.971755176782608032e-03
1.659185276366770267e-03
2.245614072307944298e-03
2.955830190330743790e-03
2.018521772697567940e-03
2.759004943072795868e-03
